"pstandard" "psalt" "pstandardxrec" "psaltxrec"
"minp" 1.49403743173039e-06 6.09741219132475e-06 8.71879149301553e-07 2.47291134497829e-06
"minp" 2.33886242172494e-06 6.71542533777105e-07 6.2322070275597e-06 4.57520723976817e-06
"minp" 2.40736562521206e-06 1.7414677690304e-06 2.96463673803016e-07 1.6697481270029e-08
"minp" 8.74364053645252e-07 3.18785950504489e-06 7.37976284089682e-06 3.75294777517964e-06
"minp" 3.57948056335602e-06 1.09111462720754e-06 3.53446434816249e-06 1.52857776252137e-10
"minp" 1.19433366257277e-06 3.33633311707717e-07 6.70531206416543e-07 1.78822283657644e-06
"minp" 5.74863845261751e-06 1.1524151784133e-06 7.62979109291917e-06 1.14204339798326e-06
"minp" 1.02320693625957e-06 8.75558215010789e-07 7.64527744047848e-07 2.19959129701231e-06
"minp" 5.57802238494711e-07 1.22747394050658e-06 2.91610273326003e-06 1.75833404667638e-06
"minp" 6.91634706464165e-07 3.96427913137655e-07 6.78487582678923e-07 1.72832196286317e-07
"minp" 1.8041203587789e-06 8.52202855049962e-06 2.19151503460518e-07 2.9916143135244e-07
"minp" 1.10131960718963e-06 1.77497648672679e-05 1.32950407988179e-06 5.53932684061318e-07
"minp" 5.46915581481062e-07 3.64167555357602e-06 2.94093472509044e-06 1.61221542853578e-06
"minp" 1.17815690666484e-06 1.16400036165073e-06 5.02971778918603e-07 2.0236649522704e-07
"minp" 5.44951999763442e-07 1.62967327539646e-06 3.5211085590931e-06 2.41543489744759e-06
"minp" 5.84264229176311e-06 1.9545048019652e-06 1.2737037339888e-06 6.95434139741351e-07
"minp" 2.41450629062208e-07 1.35153005326575e-07 1.17186581144484e-06 9.70016626641387e-07
"minp" 1.23954224496039e-06 1.05017622893863e-06 2.95006048316467e-07 2.35160687035354e-08
"minp" 3.22214897446702e-06 2.91580804960818e-06 3.65233821767239e-06 8.75238228992233e-07
"minp" 3.72156754739647e-07 1.07344436109339e-06 4.46572341222714e-06 5.2612387563344e-06
"minp" 9.31576454863889e-06 6.87628276910973e-07 1.56378514259573e-06 2.95273192638011e-07
"minp" 5.5549951337781e-06 1.07577966326647e-06 1.32388830005696e-06 7.9116192748109e-07
"minp" 2.44743323200936e-06 6.71864653817034e-08 7.18990924119017e-06 6.6279274801002e-06
"minp" 1.00096059816358e-07 1.10664319762822e-06 4.76597864197524e-07 2.0639032419301e-06
"minp" 1.67457292056697e-06 2.23159341115847e-06 1.61340027166478e-06 2.9734004517994e-06
"minp" 7.37749607820911e-07 3.42821843470086e-07 7.79783047707849e-07 3.80424350393932e-06
"minp" 1.71487582568867e-06 2.83927860491602e-07 1.70273319139395e-07 1.36135259637969e-07
"minp" 4.51108021132859e-06 4.31571847451957e-07 3.41665981607627e-06 5.27514232638677e-08
"minp" 6.29096798202585e-06 2.36720019255166e-06 2.63817346982307e-06 8.09471456261962e-07
"minp" 5.20859939464686e-07 6.06878129997626e-06 1.07596482115046e-07 2.18464622411658e-07
"minp" 1.21819232643006e-06 5.51861079418305e-07 7.82437156742984e-07 2.44975249654516e-06
"minp" 5.69696790994242e-07 1.42281600510267e-06 2.48985989660811e-07 6.42121133671203e-06
"minp" 2.02408121924804e-06 8.85884193694704e-06 1.58295216951064e-06 8.81405544273227e-06
"minp" 1.5168786368825e-07 1.16711102439744e-06 2.47510909496836e-06 2.724974107187e-06
"minp" 7.2606022783417e-07 3.19003525111127e-06 2.0644205882677e-06 1.57931421423824e-06
"minp" 1.38574804916209e-06 2.91724602547012e-07 3.06968188104801e-07 1.81128370824203e-06
"minp" 6.47012914005584e-07 2.65502674081682e-06 6.25070607313791e-06 3.21920767677645e-07
"minp" 2.49538769512807e-07 4.21499367103086e-06 3.6927946490603e-07 1.60719985567385e-06
"minp" 3.52718651743849e-06 3.16877645817788e-06 2.43960793209117e-06 1.73659318892683e-06
"minp" 3.37714749399938e-06 5.62995253404916e-07 9.52401103639973e-07 1.04925405089196e-05
"minp" 5.5692368879521e-07 8.37705443248896e-06 1.26193456031822e-06 1.9349423095162e-07
"minp" 2.55918143427139e-06 4.13070381636939e-07 4.97744710101093e-06 1.04938432885115e-06
"minp" 1.14915339333962e-06 1.62678628008403e-07 4.8918046868126e-06 1.12217199941259e-07
"minp" 7.54579840770424e-06 9.7141165497508e-08 1.77266490807565e-06 6.99133784278075e-07
"minp" 2.42520513710743e-07 1.76378910222066e-06 7.03127052042373e-06 8.80666146130762e-06
"minp" 1.25542166717535e-06 2.23885321078097e-06 4.38188880593396e-07 4.20447040532655e-06
"minp" 6.68658353332833e-06 2.71255349136384e-06 6.42252931893199e-07 1.76240139665947e-06
"minp" 1.44265211704774e-06 9.04335572293164e-07 1.35383593422304e-06 2.31203381899272e-06
"minp" 2.04619706944156e-06 2.70801072395208e-06 6.69696187998893e-06 4.8917145001e-07
"minp" 9.48706465025495e-07 2.14073053746088e-06 1.76780333938656e-07 1.01584947661909e-08
"minp" 6.72509621987725e-07 2.96074490812179e-07 9.23408508728457e-07 1.56891487176058e-07
"minp" 1.07783977431004e-06 4.70445116261782e-06 5.65603967608738e-06 4.15684589722024e-07
"minp" 1.84621242769343e-08 1.79228166819445e-06 8.42418868170004e-06 1.50962178121757e-06
"minp" 1.03373445579149e-06 1.74256307984019e-08 9.62300803732998e-08 3.73495186948244e-07
"minp" 2.05766670393958e-06 2.44860952703722e-07 3.81781336625607e-07 2.51990443760275e-07
"minp" 1.99797498231623e-06 6.93973559930159e-07 3.70925212014376e-07 3.49086629396334e-06
"minp" 2.92880415035342e-06 3.45521389367365e-08 5.51528012720382e-06 6.15895312635562e-06
"minp" 2.02541141239511e-06 2.61109316404454e-06 1.37948666117072e-06 3.39113484234171e-07
"minp" 4.48557892008923e-06 1.57470773045672e-06 4.12410096923804e-07 1.97785684355073e-06
"minp" 3.11721857709977e-07 1.09953789176794e-06 1.80500345385689e-06 1.8125682025531e-06
"minp" 4.18501545285238e-06 6.98391563357533e-07 2.08427153034867e-06 6.58531371348421e-07
"minp" 2.16457767315942e-06 5.22341921565147e-07 1.92412856917524e-06 1.90728121367306e-06
"minp" 1.77235498986297e-06 7.21769894563092e-07 1.7471980467152e-06 8.12300022001433e-06
"minp" 7.781538146847e-06 3.55466759255149e-06 6.7338641287018e-06 2.55768722349434e-06
"minp" 4.3576404791391e-06 1.70255180474338e-06 4.99279925791866e-07 4.28031698930492e-06
"minp" 2.24202348479027e-06 1.9527145866707e-06 3.32364912726449e-06 2.53489309474086e-06
"minp" 1.15148831054868e-05 1.63096460229183e-05 1.51663407709688e-06 1.0514730348069e-05
"minp" 4.17236096201479e-06 1.41149519130627e-06 3.7173524137189e-06 9.67955712118068e-08
"minp" 3.66710174896598e-06 1.45325025710402e-06 1.41489804156751e-06 8.70281125031208e-07
"minp" 9.85595578698129e-07 2.84058282850178e-07 8.64949792736994e-08 3.07261287225091e-06
"minp" 1.07247906398868e-07 9.42103862806275e-06 6.55120934438443e-07 4.83715541169722e-07
"minp" 2.53027394883054e-07 1.83227110390057e-07 2.84291540257445e-06 2.18458451955661e-07
"minp" 2.31877915302585e-06 1.98422687803028e-06 6.10415068167249e-06 1.14042076239074e-06
"minp" 2.36279938280712e-06 7.65494037271386e-06 1.3603025092657e-08 1.80833086481137e-06
"minp" 6.27241863117394e-07 7.4570133720803e-07 3.00621804359094e-06 2.23364073623821e-06
"minp" 4.85563398345765e-06 4.3441084777059e-06 2.32250074469009e-06 8.32213568623639e-07
"minp" 4.92499206732161e-08 1.98777967915718e-06 5.23335274008671e-07 3.25451332817625e-07
"minp" 1.06209266604352e-07 9.04283981336091e-07 3.49862213207588e-06 1.78287051075204e-06
"minp" 1.45638441791047e-06 2.72986346042012e-06 8.79823705831288e-07 4.12030682187196e-07
"minp" 4.65398791485407e-07 4.76658280538414e-06 9.80731520825582e-07 3.27464673061853e-06
"minp" 4.0109303563148e-06 1.74907771496582e-06 1.01598705229618e-06 1.72466428734866e-06
"minp" 2.67568566547231e-06 1.62311046979013e-06 7.44276060965244e-07 6.05245339463566e-06
"minp" 7.77236274233871e-07 3.54615754341405e-06 3.06618788227574e-07 3.49823502079938e-07
"minp" 3.66052244152823e-07 2.13029851666326e-06 4.12518361376089e-06 3.01299553625904e-08
"minp" 1.94805213627048e-06 4.20941020031154e-06 1.98394453961972e-06 6.69174840532961e-07
"minp" 3.94148073052988e-06 1.6229038132403e-06 6.4287303145522e-07 2.75360855257434e-06
"minp" 2.50093093076539e-06 1.51296113808843e-06 1.70392942685715e-06 1.37747682118006e-07
"minp" 5.0223285230938e-07 7.94399530575281e-07 4.54563809058938e-06 6.37967879043867e-06
"minp" 3.45785156260505e-07 6.28998204121765e-06 3.80071138387485e-06 3.47909378486409e-06
"minp" 4.49860728096751e-06 1.77412522550494e-07 6.01265572344373e-07 2.8002362207921e-07
"minp" 6.92254930920825e-07 2.45152686494118e-06 1.02180379342222e-06 1.92290093576434e-06
"minp" 2.7131304218632e-07 4.11767650386784e-07 1.53756418867127e-06 6.38304246972651e-06
"minp" 3.49747958494535e-06 6.15788720851251e-06 6.14926934145746e-07 3.29557285915672e-06
"minp" 5.55040140081792e-06 2.11899179459919e-06 3.54475355834031e-06 1.04031863849548e-06
"minp" 1.17091895065643e-06 3.85390780792688e-06 6.1409627815175e-07 3.68373561132604e-06
"minp" 1.10550752801192e-06 2.21489079806474e-07 6.89486223129611e-07 8.56400525303951e-07
"minp" 4.54452593516258e-07 3.58804890034721e-06 2.14150955522393e-07 6.88323940193525e-07
"minp" 7.48998561735689e-07 5.90609867938844e-06 1.73941306226732e-06 4.50128488080475e-07
"minp" 7.35203254015167e-07 4.62961442543041e-06 4.62537048005868e-07 2.0481360748831e-06
"minp" 5.56291525059656e-07 2.8173453908561e-07 2.39002333953571e-06 3.56757010312108e-06
"minp" 2.54721644892894e-07 6.13725096663791e-06 2.34574784810353e-07 4.8431363639327e-06
"minp" 2.57944163002381e-06 2.07621698596505e-06 1.38873548428406e-06 3.10883902960126e-06
"minp" 2.97688696483478e-06 1.93809128986317e-06 1.09579333129281e-06 7.5951815912421e-07
"minp" 1.1911586491031e-06 3.22956295837309e-06 6.64303225690217e-07 5.14488698650477e-07
"minp" 2.52764507801368e-07 4.45597892166598e-06 3.50082974812164e-06 4.62312881194498e-06
"minp" 1.18319954831457e-06 7.40265145909615e-06 4.74396880504177e-07 1.19810682125732e-06
"minp" 2.86999192347244e-07 1.83777523100748e-06 3.55582747783033e-07 1.02591047634889e-05
"minp" 6.73558720477355e-07 1.04273962035865e-05 1.72615811828555e-06 2.84121353096381e-06
"minp" 6.11470164517767e-07 4.29615348568358e-06 5.94035429482319e-07 5.58501597773007e-07
"minp" 2.53606911186789e-06 4.71223243446428e-06 2.54195174523177e-08 2.34268335186216e-06
"minp" 1.05965945554284e-06 3.32891388304266e-06 7.96988603189157e-07 3.0531762962081e-06
"minp" 5.23730531322431e-06 2.7275566598992e-07 2.47511250247733e-07 7.889015474261e-07
"minp" 1.53588475564572e-06 2.47840721243144e-06 1.76459180971117e-06 1.09396239175139e-05
"minp" 5.5986951617143e-07 1.970348179921e-06 2.47625762205017e-06 3.98817322629521e-06
"minp" 1.16500266879144e-06 7.7558236530542e-07 8.36763797021e-06 4.12011978646808e-06
"minp" 1.7251570956959e-06 1.40509954862618e-06 9.99256658553503e-07 2.75025124598352e-07
"minp" 9.15971259904908e-07 2.4900864600917e-06 1.86303153893858e-07 1.08115595632803e-06
"minp" 3.71530563656221e-07 7.36382639783843e-07 5.49695438247606e-06 2.41940440357088e-06
"minp" 5.84610729464862e-07 1.86316775255415e-07 4.96425395615876e-06 3.6410823090918e-06
"minp" 1.36567284343425e-06 8.14573598002889e-07 1.44800025344437e-06 5.18373212839813e-08
"minp" 9.93811255281213e-07 1.9392510422552e-06 1.62601975297875e-06 1.03518568357364e-06
"minp" 5.25606090129683e-06 2.60891796238117e-06 2.41630929518397e-06 3.98285317196364e-06
"minp" 1.54223449374505e-06 3.81060674842104e-06 6.41004614541093e-07 7.8532014462046e-06
"minp" 7.30768576743573e-07 3.18139407154385e-06 1.77693022381077e-06 4.17777038676102e-06
"minp" 5.06269405131626e-07 1.51010815606409e-06 6.67517777550836e-06 1.10238728706339e-06
"minp" 1.19506602781953e-06 5.46231578837316e-07 3.36954843788738e-06 9.54424975003320e-09
"minp" 6.80034527944239e-07 5.86522193858371e-07 1.0091108673799e-06 4.6156557788475e-06
"minp" 2.56339066843721e-06 1.18800582530883e-06 8.39974952732496e-07 4.61973019934725e-07
"minp" 1.20758601771159e-07 1.64177651422456e-07 2.19392338625492e-06 5.11967612467438e-06
"minp" 2.21083435951025e-07 7.86766554520945e-07 1.18912677478011e-06 1.02086987034449e-06
"minp" 9.68536004109152e-07 1.25622075328282e-06 2.65075425268146e-06 1.27245020108381e-06
"minp" 7.99616496304309e-07 1.07256121027319e-08 9.17575450844544e-07 2.14647802089282e-06
"minp" 1.0218562287747e-06 5.83690802748099e-06 1.34108573798828e-06 7.40914074876557e-07
"minp" 8.92104293583555e-07 8.24483969824678e-07 9.33736949433658e-07 4.74507948650743e-07
"minp" 2.17183450042136e-07 3.24045096232908e-06 1.91047566534465e-06 6.44919575575025e-07
"minp" 2.88603105474832e-06 2.28334640990075e-06 1.79460768234716e-06 4.99569115778082e-07
"minp" 4.72793610360906e-06 3.02930701547915e-06 1.77043213500718e-07 3.5732488421839e-06
"minp" 1.75586834162963e-07 3.58225442541381e-06 1.0316050281417e-06 1.24611652527663e-06
"minp" 4.1622991727772e-08 4.42022225244721e-06 9.31005868153894e-08 3.69198298704438e-08
"minp" 2.25436141767018e-06 7.91892367081773e-07 1.49019673932893e-06 9.76173345317696e-07
"minp" 1.87451079885535e-06 8.19520105340708e-06 1.63916288376181e-06 5.69224968313546e-06
"minp" 2.17380354186571e-06 2.53744565189774e-06 3.61591830965262e-06 6.2674054803017e-06
"minp" 1.09189129939476e-06 1.92818624282815e-06 4.92173691044142e-07 1.0751434198745e-06
"minp" 1.44283270788877e-07 1.02752399402627e-06 4.70939160205602e-06 1.89320167217636e-06
"minp" 5.26381480992885e-07 4.57915692999887e-06 2.90100460113267e-06 1.42176803838831e-06
"minp" 2.99086763173794e-08 8.83817284152454e-07 1.07151488112509e-06 1.82670161145167e-05
"minp" 9.35133064245466e-06 2.70205903389924e-06 2.55286132512751e-06 1.59671564600856e-06
"minp" 2.1352894810564e-06 2.34469864179923e-06 4.1630809528638e-06 3.41523896852892e-07
"minp" 4.17117981678436e-07 9.75240130097648e-07 1.97433676000062e-06 1.28193073522992e-06
"minp" 4.58249457296199e-07 4.23044221675212e-08 5.32034693699242e-07 1.66969688458047e-06
"minp" 2.0716730102583e-06 8.39814129466947e-08 6.73206106764337e-07 7.48473569859564e-07
"minp" 1.60745985742542e-06 3.19062302825035e-06 8.2964718065958e-07 3.07048943949827e-06
"minp" 1.65987602767876e-06 3.02945695470674e-06 7.00929948002944e-06 2.74503391821368e-07
"minp" 1.89797884248674e-07 5.0016656540052e-07 5.50278887525488e-07 1.187026550257e-06
"minp" 1.04789520559059e-07 1.41194064626432e-07 4.02923426476865e-06 1.10872304172489e-08
"minp" 1.52676553149424e-06 7.05512838040028e-07 2.93293542767148e-06 1.19645509762622e-06
"minp" 2.17126020115086e-06 2.74025466082194e-07 1.23478700241642e-06 2.5572446301428e-06
"minp" 7.37183929832463e-07 5.90583410740866e-07 1.13529516489515e-07 1.04398444502208e-05
"minp" 1.06543939270348e-06 2.35412681483098e-06 3.07133700573876e-06 7.66252239554573e-07
"minp" 1.43404685521099e-06 3.07652838889118e-06 1.84870988709868e-07 2.60209793551859e-06
"minp" 6.88029284412593e-08 1.45281736953676e-06 2.68813107706245e-07 3.04235917791727e-06
"minp" 1.10145012949995e-06 1.99700540835515e-06 1.69047750561702e-06 2.08598019638458e-06
"minp" 2.52943443217805e-06 1.29429545084181e-05 1.07131579556014e-07 5.27494582910099e-07
"minp" 2.99417687944409e-06 2.72395215070419e-06 2.86582037433755e-06 2.12793610231461e-08
"minp" 2.61472691886629e-07 3.72606258685365e-07 2.70170404278967e-06 2.09458568898906e-06
"minp" 3.9133205283969e-07 1.76723857163365e-07 3.13179057161317e-06 1.83227083369302e-06
"minp" 2.39551056243589e-06 3.69708745512799e-06 6.46701654362388e-07 4.28689436192195e-08
"minp" 1.1575439508186e-07 1.15574616434653e-06 4.80011573048448e-08 1.20591340263397e-06
"minp" 2.49385335566118e-06 7.68774455185718e-08 4.80264732034185e-07 3.93163730561261e-08
"minp" 1.06854809714961e-06 8.16521625566194e-06 1.58514469242068e-06 5.73221517955163e-06
"minp" 1.55390364497637e-06 3.19785018987116e-08 6.29559890713556e-07 9.09591816314653e-07
"minp" 3.86104326306965e-07 1.48391733789493e-06 9.45454049201295e-08 2.6496372948712e-06
"minp" 2.87226941829558e-07 1.77806415393649e-06 3.04247429695239e-06 5.11681678779206e-08
"minp" 2.58457993874416e-06 9.26618772971322e-07 8.68237035832782e-07 1.47819324614599e-06
"minp" 4.26304557601275e-06 9.08445711463829e-08 2.92656898953409e-06 2.98002376722974e-06
"minp" 4.09376689329763e-06 3.79098725061841e-07 1.75100152116754e-06 1.20358211953925e-06
"minp" 8.88327500272003e-07 2.1377499495357e-06 1.29938574229104e-06 5.01931443044019e-07
"minp" 6.46802618914394e-06 9.64971274146704e-07 4.41487555053689e-07 1.12780348172451e-06
"minp" 2.20360300820416e-07 2.12486768092835e-06 6.24313127581632e-06 8.3083370539321e-07
"minp" 4.96797080570598e-06 2.19442123079128e-06 5.48447271172233e-07 2.15068170276362e-08
"minp" 1.03915766949746e-06 9.87438227278025e-07 1.10888518761609e-06 3.39521753003548e-06
"minp" 2.3086626071187e-07 5.6958157256528e-06 4.68621064805055e-07 4.39989359108516e-08
"minp" 6.83795646048935e-06 8.15749444812644e-08 9.66424581664696e-07 4.15221875001033e-06
"minp" 1.11918164803217e-06 1.02726818625397e-05 5.12317323201156e-09 2.73728484106692e-07
"minp" 1.96705158500944e-06 1.25414696064218e-06 1.7533495782564e-06 9.58867554574152e-09
"minp" 2.42624302492487e-06 3.39020545877078e-06 8.12686789924763e-06 6.72945697285926e-08
"minp" 1.88669828584752e-06 2.50167730743552e-06 5.47246646801021e-06 1.2902324022364e-09
"minp" 1.43155715172652e-06 8.55892655035171e-07 4.977837567438e-06 1.75862467094011e-06
"minp" 3.19656337900411e-07 6.09059721795055e-06 1.30083480208515e-06 1.1990196861776e-06
"minp" 1.51652119196544e-06 2.46234270620254e-06 3.20310377504189e-06 4.59933493090041e-06
"minp" 1.22173869570796e-06 9.55570198334821e-07 3.33547501198278e-07 3.04824498212617e-06
"minp" 6.3931508553683e-06 2.46322687752159e-07 2.76777653617766e-06 1.23618515762518e-06
"minp" 3.90720430794838e-06 5.33484398525116e-07 2.72489948059124e-06 5.17540174967966e-07
"minp" 2.87281381422773e-06 5.344815205865e-06 1.19076945505513e-06 7.90830816454986e-07
"minp" 1.25824472509863e-06 4.5326199630004e-06 1.82576408023073e-06 2.73479584357637e-06
"minp" 6.1126569018681e-06 1.72406408193826e-06 2.70050432502871e-06 5.72391365377209e-06
"minp" 6.80717466566531e-06 2.71541702413108e-06 9.62456697040045e-07 4.3987052199085e-06
"minp" 1.44855787792606e-06 1.89844990908987e-07 2.19934265386669e-06 1.70523056605776e-06
"minp" 2.11368647998942e-07 6.64842297383924e-07 1.08233467462791e-06 6.4705196355564e-08
"minp" 6.25091088862372e-08 6.97051997231065e-06 8.53498549644391e-07 2.71645807031587e-06
"minp" 2.76261930868159e-07 7.96559912157052e-07 2.67438109562367e-06 8.95977882270131e-07
"minp" 2.65016764187503e-06 1.63847766930573e-06 2.60645080529226e-06 4.12958190336611e-06
"minp" 9.94841282950043e-08 6.45917124072126e-06 1.78740937381088e-06 1.27201794879947e-06
"minp" 2.14964562761071e-06 4.30969197962764e-06 2.22013709910162e-06 8.59476859699446e-07
"minp" 1.96801556595145e-07 1.04860582866082e-06 2.29608836686684e-06 2.54367389606938e-06
"minp" 6.97737851615234e-07 5.66761854337887e-06 4.09271213217257e-08 5.48419200866915e-06
"minp" 3.09474318063098e-08 5.46378692423158e-06 1.27932117584625e-06 9.63260255781581e-07
"minp" 1.07561212344993e-06 2.91692165697888e-06 1.39918120662681e-06 1.50316641286194e-06
"minp" 2.87959162037259e-06 1.90605515304419e-06 6.35848726208641e-08 2.29096932683714e-06
"minp" 1.3757267177291e-06 2.38642301714935e-06 3.61756561063686e-07 9.32544939368432e-07
"minp" 1.12100372226325e-06 3.59993320663129e-06 3.29756673743318e-07 2.41083020900055e-06
"minp" 6.84839593812977e-06 1.95916607476e-06 1.28158921971568e-06 1.83607429666464e-06
"minp" 8.14171075561935e-07 3.17030056077008e-06 2.1632969941683e-06 8.82330419786233e-07
"minp" 2.36581438014276e-06 7.5246415062911e-07 2.37472064293422e-06 2.0893473209082e-06
"minp" 1.99587484802493e-06 2.11543862685267e-06 2.62608374766621e-07 4.00911439962536e-07
"minp" 4.7270455466335e-08 1.4029753227364e-07 1.10169562642988e-06 1.00705990673081e-06
"minp" 5.72169144608028e-06 1.08366150122168e-06 7.29041261641291e-07 8.16562469325801e-07
"minp" 5.57371200072873e-06 2.17730709818385e-06 1.50926316674478e-07 4.5527278621404e-07
"minp" 2.03851397260714e-06 2.17888462018845e-06 2.35064839684854e-06 5.20471586818782e-06
"minp" 6.55992169378501e-07 4.09663886707751e-06 1.13962262442918e-06 1.44963833006302e-06
"minp" 8.99492044915937e-08 3.70912425068552e-06 2.75345969749035e-06 2.14922602857771e-06
"minp" 9.92904534716254e-07 1.8126100027268e-07 9.87837924977219e-07 6.7900822902472e-07
"minp" 2.12369553614132e-06 2.85111425225908e-06 1.33595580270529e-06 2.01250117449007e-06
"minp" 1.37782918669661e-06 1.50688435255292e-07 5.58505408479447e-07 4.40503495065704e-06
"minp" 2.6941123821814e-07 5.06355351784645e-06 6.66282902609407e-07 7.46896337775012e-06
"minp" 5.83260787558572e-06 2.20840680843725e-07 1.0926290743231e-06 2.1747371779279e-06
"minp" 3.72710488788776e-07 1.30411193277884e-06 1.8378500713255e-06 8.38252596622294e-07
"minp" 3.51109925611918e-06 1.20425938953208e-05 9.90764988200062e-07 5.73357796956436e-06
"minp" 4.56504967567207e-07 6.01818959914456e-06 4.2810649212921e-07 6.2035944697051e-08
"minp" 5.77599589986121e-06 4.53765946047723e-06 2.2663266433233e-07 6.50124370892123e-06
"minp" 3.25847648234555e-07 9.77540131361101e-07 1.90064718721316e-06 1.70733663408921e-06
"minp" 2.82913819540701e-06 3.97286341922543e-07 3.77984290836598e-06 1.64397866486912e-06
"minp" 2.80937090805762e-07 8.49026061312552e-07 1.28695348468808e-06 1.70528000889183e-06
"minp" 9.35946109413465e-07 3.71265623738706e-08 2.27213584651056e-06 3.23373050448928e-06
"minp" 1.33753264967912e-08 3.57812859009023e-06 3.69508458026915e-08 1.6165279635205e-06
"minp" 2.81320512795651e-07 3.06406438360275e-07 3.43806170334666e-06 2.60658154213871e-06
"minp" 3.45665980528724e-06 1.97172710242624e-07 5.21515450018175e-07 3.07333469797694e-08
"minp" 3.24187284898181e-07 6.32033865121824e-06 5.98819191844716e-07 7.17697337266115e-07
"minp" 4.41675870691649e-06 3.67572171228541e-06 9.97472043288036e-06 3.28878124809528e-06
"minp" 1.74755260493679e-06 5.81276276857407e-06 9.65544930636953e-07 3.08525051392611e-06
"minp" 5.00941315957083e-06 9.78942856905341e-06 6.29737585962349e-07 4.21983255050442e-06
"minp" 2.25208773778893e-06 6.84015459020166e-07 5.93044599562711e-06 2.60859505213469e-06
"minp" 5.12250936832469e-06 2.64307796153447e-06 6.97069705569818e-07 2.82290841261631e-06
"minp" 1.21918078586898e-06 8.74955734746876e-06 1.43764644120827e-06 2.78302224980841e-07
"minp" 1.81521478796827e-05 2.09520785103314e-06 5.29373923662983e-06 6.30914007063111e-07
"minp" 3.31128350981772e-06 1.01367699817685e-06 1.56503808825919e-06 1.21686704354009e-06
"minp" 3.57141752754515e-07 1.89765418952521e-06 2.85874684785199e-06 1.18206039310232e-05
"minp" 4.31926901857348e-06 1.01887606778724e-06 1.68336480581654e-08 7.76118548438691e-08
"minp" 9.58048332421596e-06 1.83493303566943e-06 9.1609889164886e-07 3.12939813925542e-07
"minp" 5.5075895015849e-06 1.45912059449536e-06 2.06764064727531e-06 3.43085684393631e-06
"minp" 1.95677515908205e-06 4.59870719772001e-07 1.689794512529e-06 4.1918209622576e-06
"minp" 3.04864616374322e-06 2.6879909853475e-06 2.85076087060916e-06 3.87299027658481e-06
"minp" 1.40526589134511e-06 8.1397206810712e-06 5.51213410328703e-07 1.15547606939673e-06
"minp" 1.08425376328731e-07 3.36183679088524e-07 2.11720548812148e-07 7.80677121987812e-09
"minp" 1.52374963178614e-06 3.79175007848961e-07 5.1881331623392e-07 9.98335961803889e-07
"minp" 2.77843462611843e-07 1.70494921552434e-06 3.90656490369397e-07 2.90177872115965e-06
"minp" 5.39662660164718e-06 2.64316344477752e-07 1.86256866818589e-06 3.43626538195559e-07
"minp" 1.7989906229964e-06 4.42271926043665e-06 5.07231796694336e-06 5.94466408855812e-07
"minp" 1.21068440436422e-06 9.02797621452949e-07 2.14420871889818e-06 2.08305552743065e-09
"minp" 7.9150415872108e-06 2.54955472943198e-07 3.22458031101125e-06 3.29343502403386e-06
"minp" 7.51859407026751e-07 1.30244324263571e-07 1.64198468161784e-06 8.00632319549703e-07
"minp" 8.72173600383386e-07 4.57941021346548e-08 2.56142391752032e-07 2.82027616198533e-06
"minp" 5.24034580204237e-06 2.0868587935985e-06 1.52673075715297e-06 3.62905353377875e-06
"minp" 2.51695403560598e-07 2.85877242599951e-06 1.05782582206552e-06 1.14608806082226e-05
"minp" 8.00561774349957e-07 2.11482359441878e-06 4.59904084056765e-07 2.8210092908786e-06
"minp" 1.9645048377353e-07 6.19811667700221e-08 7.81202295966144e-07 4.60430774364873e-08
"minp" 2.47247722545511e-06 1.2749805330744e-06 8.32367946223838e-07 5.97757805197363e-08
"minp" 1.76571436562284e-07 3.43697558207526e-06 2.83218416435898e-06 3.36629822508607e-06
"minp" 9.75251608689008e-07 4.69513694916718e-07 1.97736683977998e-06 1.03817293111514e-07
"minp" 4.74208996422062e-06 5.40174997258226e-06 2.30439710203544e-06 1.18450663194809e-05
"minp" 5.41040390968864e-07 1.88977072745721e-06 2.20105193521738e-07 1.18491982831155e-07
"minp" 7.30769622820221e-07 1.83282417346928e-06 1.09160413091816e-06 2.56193803792313e-06
"minp" 1.73793665484765e-06 4.54088707947256e-06 8.20437543532734e-06 1.02177007045292e-06
"minp" 6.27133946713785e-07 1.45492926183862e-06 6.502203273511e-06 3.74621897729698e-06
"minp" 1.46877409020449e-07 1.07236992452803e-06 7.94728350874461e-06 1.44823255221902e-06
"minp" 1.5236043732785e-07 1.20760989267236e-07 2.04471990591504e-06 3.79903830159789e-06
"minp" 9.71959704649587e-07 1.5499194277248e-07 4.81138781209084e-06 2.48129672430385e-06
"minp" 9.4864729386543e-08 2.69376873070806e-06 6.43122285321253e-07 8.68199280296818e-07
"minp" 7.54443610022808e-07 2.2077639112813e-09 1.16475362947448e-06 3.27261389836401e-07
"minp" 1.06760961497991e-06 8.74409092230096e-07 3.8627656521915e-06 1.56694639058004e-05
"minp" 5.038040690473e-06 4.21788863147908e-06 9.00060692549788e-07 8.99635689417857e-08
"minp" 1.806797538783e-06 2.24683434942392e-06 1.83765742228369e-06 4.35219026366979e-06
"minp" 5.2004760755331e-06 1.77990243040297e-06 1.67882635479509e-07 5.02425643292181e-07
"minp" 1.64775845350458e-06 9.55076668408813e-06 1.7340383006139e-06 4.19971169993494e-06
"minp" 7.69587846189145e-07 4.83879098937598e-06 5.12341065083965e-07 3.57831514460096e-06
"minp" 6.29762577357119e-06 6.68697672486464e-08 1.2089500821104e-06 6.52293213194791e-08
"minp" 7.00384291228538e-07 3.97299646350258e-06 1.04264454802314e-07 5.42699008144361e-07
"minp" 1.92744018175324e-06 1.77453307393543e-05 1.24139423348341e-06 2.79278749354292e-06
"minp" 1.89212419668735e-07 1.66020443393129e-06 1.59946993884156e-06 3.33319456957563e-06
"minp" 3.2945908715732e-07 6.34112659625988e-08 7.85263144595962e-07 6.1460091672935e-06
"minp" 1.04774108587334e-06 4.77254032207742e-08 1.99173525815413e-05 9.79025959465483e-07
"minp" 6.24722797906977e-07 3.66738877528088e-07 8.2013371562812e-07 2.79782316759847e-07
"minp" 4.54078854175175e-06 3.08172212573857e-06 1.4239741360765e-06 5.88754129283912e-06
"minp" 5.3719959194178e-06 2.85552529536192e-07 4.12343948251991e-07 1.81389145717301e-06
"minp" 2.7595259768208e-06 3.0738934361991e-06 2.00162086568238e-06 2.75559801354901e-06
"minp" 4.44303872338001e-06 9.20370473576826e-06 5.98693856038121e-08 8.44661912205174e-07
"minp" 5.47779037741983e-07 9.78898266209468e-07 4.78337529508736e-07 1.23426402186454e-05
"minp" 2.14311501945723e-06 4.48384919789992e-06 1.53755440292512e-06 2.22334729318906e-07
"minp" 5.83113219499547e-06 6.18659271749384e-07 2.81469818246361e-06 6.17397707086317e-07
"minp" 2.39645869251366e-07 1.63585634569758e-06 1.57432221773723e-06 2.27255309339283e-06
"minp" 2.93243129415552e-06 9.27156380108645e-07 1.49558041194343e-06 7.78745405305058e-07
"minp" 7.79671972115822e-07 3.83376779858379e-06 3.92637728354825e-06 4.04239772749683e-06
"minp" 7.58413671192124e-07 6.97773829825507e-07 3.21011104473598e-07 7.91391585245748e-06
"minp" 7.18160907547896e-07 7.04545570915399e-07 9.29531076791255e-07 9.62788978240065e-08
"minp" 5.3191562479771e-07 2.52161806603736e-06 4.52239227046791e-07 1.07210141212596e-06
"minp" 4.87752992099132e-06 5.13197561424199e-07 1.80253633945774e-06 1.69591735399582e-06
"minp" 5.60383609791701e-07 9.18204629825291e-08 1.22750291304344e-07 5.56381233965884e-07
"minp" 1.40869551859292e-06 2.76768888646369e-06 5.46799654605453e-07 8.37073518738902e-06
"minp" 2.47778587549276e-07 3.52905700643243e-06 2.96048043990723e-06 2.41101053793389e-08
"minp" 3.03618863594837e-07 1.01065994566569e-07 4.05227357304858e-07 7.16728280302e-08
"minp" 1.61158608420683e-06 2.27167444080006e-06 1.72602777611446e-07 6.36418745212643e-07
"minp" 7.92907808041665e-07 8.90020034108561e-06 6.66479778070588e-07 4.63497639439691e-06
"minp" 2.69313666476582e-07 5.0595494611181e-06 3.80607736865416e-06 8.13386023938893e-06
"minp" 1.03461915841772e-06 5.42053258482763e-07 2.24114548859395e-06 7.83785424110873e-06
"minp" 6.62911713683951e-07 5.60387848585489e-06 4.49115122653704e-07 9.35513243523871e-07
"minp" 6.93039689893636e-07 4.08649341962986e-06 7.85768742725403e-07 3.81408418662761e-07
"minp" 1.86430086353836e-07 1.91162420095967e-06 3.2498927452957e-06 1.71573558377038e-06
"minp" 7.46828870386528e-07 1.1276427780674e-06 1.14341092018143e-06 2.79784555250835e-06
"minp" 1.53112951724228e-06 8.44321731445236e-06 8.43087355954533e-07 3.98880397818283e-06
"minp" 3.08419426167537e-06 6.30250918007527e-07 7.07883148511059e-07 1.5681169805978e-06
"minp" 2.80331756813242e-07 3.29742039159409e-07 4.09953597305551e-07 3.49104308120972e-07
"minp" 4.05855067691097e-07 6.89431800478922e-07 8.04763545938385e-07 2.13270128028076e-06
"minp" 1.52431820465594e-06 7.59404905005357e-07 3.10838773812207e-07 2.34331578924778e-06
"minp" 1.06905473664453e-06 8.60918485502992e-08 3.71175522615102e-07 1.78347550927743e-06
"minp" 6.95078302572625e-07 4.9086724823404e-06 1.83364833815891e-06 1.09564285265673e-06
"minp" 4.12417278684785e-06 7.95862548176576e-07 1.19725574548207e-06 4.24839323369979e-07
"minp" 6.57636998271807e-07 4.00857088383846e-06 1.92131944794985e-06 1.59928767828046e-06
"minp" 7.9692732305827e-08 4.89228826623989e-07 2.70654002346762e-08 5.50690724077926e-06
"minp" 3.7832434604207e-06 1.51307679679507e-06 4.35061438128173e-07 3.12372114755021e-06
"minp" 1.19435173764227e-05 3.4848072468695e-06 1.98411887234176e-06 9.95690925006974e-08
"minp" 5.67080206233483e-06 2.82804436789309e-07 2.0845533206296e-06 2.23202389840657e-06
"minp" 2.50093897264699e-07 2.34984074515837e-07 2.93616827525381e-06 1.05426878131723e-06
"minp" 4.92559951699709e-08 4.90221055489482e-07 3.61826922699865e-06 3.01690019330833e-06
"minp" 3.3199080013004e-06 2.93518563875773e-06 1.19969758414596e-06 7.9274994184936e-07
"minp" 2.69613427320811e-07 2.88293499524177e-06 5.23448613760684e-06 1.11497096150162e-06
"minp" 2.99175752408543e-06 5.74401261913583e-07 4.62344355500747e-07 4.43771478929961e-06
"minp" 4.66211915989639e-06 1.11908996611107e-05 6.55478663994398e-07 1.64478164974884e-06
"minp" 3.13146496473138e-06 1.49558680381363e-06 1.01256461706378e-05 6.47908213824375e-07
"minp" 7.03809591014129e-07 2.47396851107627e-06 3.00704608029377e-06 2.31226282829198e-06
"minp" 5.12747440272992e-07 9.58208367240623e-07 3.65755103774907e-06 5.49478972901852e-12
"minp" 2.58810282738925e-07 2.01298699342858e-06 8.21511672894021e-07 5.97590241434196e-06
"minp" 1.12382021289628e-05 5.92014279674487e-06 2.29933959710179e-06 3.58073552552414e-08
"minp" 3.08421949049902e-08 1.28196820285867e-05 1.49557671168757e-06 1.64149729576116e-06
"minp" 3.19839898400184e-06 3.50747117215489e-06 2.56346148909136e-07 9.64947473103735e-07
"minp" 3.65196166265634e-07 2.58963266846151e-06 8.77277480979425e-07 7.16469544763426e-07
"minp" 6.07021297945189e-06 4.84841950446443e-07 1.80278900765553e-07 1.40782112445896e-06
"minp" 3.25146440115551e-06 2.44629169146269e-07 2.45774032627683e-06 2.32989241572433e-06
"minp" 2.55977836350632e-06 1.73423372415373e-06 6.30608465787629e-07 4.8254910046654e-07
"minp" 3.00983919026819e-08 1.19705256764001e-07 9.66929284859793e-06 9.78119575239722e-08
"minp" 9.78832421457617e-07 1.75725110809926e-06 6.38956382519431e-07 9.2073806872138e-08
"minp" 1.83094069027802e-06 5.4132671159854e-06 1.48692723474376e-07 1.04264968692546e-06
"minp" 4.08683303776375e-06 6.05710166293255e-06 1.50103270680371e-06 8.22766683160705e-06
"minp" 3.20244430347423e-06 2.69486439334278e-07 8.83428897791375e-07 7.33618219208035e-07
"minp" 1.29280690265716e-06 4.61282569175772e-07 2.14617440557966e-06 2.90936041751393e-06
"minp" 1.42390289768836e-07 2.35393918290642e-07 8.96336082435322e-07 3.37717923661719e-07
"minp" 9.06986887973662e-06 2.54495467648469e-06 1.10798502830553e-06 4.97839963453547e-06
"minp" 3.95865247445562e-07 2.65680235163763e-06 4.7731479076277e-06 6.4728291244188e-07
"minp" 4.34009112007797e-06 1.47291867365564e-06 3.65013389976423e-06 1.15298238181995e-07
"minp" 4.03947823355052e-06 6.57758793615647e-07 1.69256638444779e-06 2.24163652249425e-07
"minp" 3.13794869492789e-06 8.53367413637461e-07 6.93128787554737e-07 1.9094593454591e-07
"minp" 2.57202801639991e-06 2.45987910876821e-06 1.10704500454747e-06 1.12312198294339e-08
"minp" 1.777257489897e-06 1.74513772860516e-06 9.55315369902625e-07 7.63344264430893e-08
"minp" 1.66933220125822e-07 6.95039115855229e-07 4.53935001837418e-06 1.2503959909254e-05
"minp" 7.66240926437583e-07 6.79062009261508e-07 1.94009042145698e-06 2.24716485605288e-07
"minp" 2.49722463908434e-06 8.01333317494858e-08 2.61095242461432e-07 3.7187569524389e-06
"minp" 4.63733356451948e-06 8.4949233556988e-07 6.93263550872047e-06 2.44938015061066e-07
"minp" 4.13876013473969e-07 4.03556062770177e-06 1.01823694576748e-06 1.21422128645848e-06
"minp" 6.51641964316296e-06 2.23069803427523e-06 5.69524299679236e-07 1.37711291485677e-06
"minp" 2.2552766495127e-07 5.43808465852177e-07 2.27884542109413e-06 3.85948292581185e-06
"minp" 3.25893487764208e-06 2.16121675972716e-06 5.81049740560039e-07 3.18665819223093e-06
"minp" 1.1402930381102e-06 1.10160690278149e-06 3.92633052917616e-06 2.91187830089001e-06
"minp" 3.11424868313643e-07 4.02860638719557e-08 9.1157307626326e-09 2.06063632465169e-06
"minp" 7.46825167269713e-07 7.45841764482245e-07 7.07991603971811e-06 5.20208203352798e-07
"minp" 6.09277735396928e-07 1.57523245657006e-06 3.99946864571034e-07 1.03090331287294e-06
"minp" 6.63241915862147e-08 1.41336394981824e-06 3.83093851843974e-07 1.21407860076905e-06
"minp" 2.03045012341553e-06 2.03388875494819e-05 1.74364673137825e-07 4.90721143906301e-06
"minp" 9.9333618514362e-07 7.23609386588024e-07 1.78722057650379e-06 5.71328653765206e-07
"minp" 3.89844712496049e-06 4.6146276686034e-07 5.70357858314986e-06 4.68952109330465e-07
"minp" 5.47733619871699e-06 4.62542736037616e-06 4.24553852309671e-08 1.06216003922938e-06
"minp" 9.79628381675967e-08 7.43794651980257e-07 1.56423700198268e-07 1.53339310059772e-06
"minp" 1.28420859545206e-06 1.75537250390713e-06 4.94073653710777e-07 1.62756687302768e-07
"minp" 9.52788476440994e-07 3.68821038492416e-06 4.74837674651161e-06 2.38354695692155e-06
"minp" 6.20955220123204e-07 4.53286087508476e-07 4.33129543581644e-07 6.24447468641641e-07
"minp" 2.28069931615991e-06 4.92321361917136e-07 3.08005759256116e-06 5.13664471569059e-06
"minp" 4.01047648377479e-07 1.14022908785054e-06 6.04974684309178e-06 3.01081574865588e-06
"minp" 2.04923843186727e-06 1.2775448328384e-06 6.5304686003278e-07 2.82486043812274e-06
"minp" 1.85988047615294e-06 4.19834959529748e-06 2.46070000388317e-06 2.0238527680704e-06
"minp" 5.90361023987052e-07 2.81422399021523e-06 3.7704750659166e-06 3.05337395481127e-08
"minp" 1.15520223208269e-06 1.05220351240552e-07 2.33097442540503e-07 1.25537838997401e-06
"minp" 9.10220207470726e-07 9.26617677296099e-07 1.77831236817564e-06 2.57011535114927e-07
"minp" 8.32487801016828e-06 3.41978516645019e-06 2.85247153833282e-07 1.22166516008348e-07
"minp" 3.68802703695311e-06 3.03534774784968e-06 6.94342113413139e-07 5.51983655528045e-06
"minp" 1.20284769400918e-06 8.95395061404723e-07 8.22176541482006e-07 4.1110555444056e-08
"minp" 3.28391734707273e-06 2.52446626336235e-06 8.85359568189157e-07 5.45781658655707e-06
"minp" 2.82409099011379e-07 6.46043421909032e-07 8.19188406044956e-07 2.03421893396628e-07
"minp" 2.16009050406061e-07 1.7348962992047e-06 5.11803758505651e-06 1.18519450378737e-06
"minp" 1.0260568931293e-06 5.39078047170469e-06 8.28031154954268e-07 4.42873989360635e-07
"minp" 6.14086209272339e-07 9.76245461717076e-07 1.1777034029368e-06 4.76540495783922e-07
"minp" 1.45098390605727e-06 5.01776788843624e-06 1.26766312340043e-05 9.54840640628421e-06
"minp" 7.73420339221905e-07 7.58355034827214e-07 2.38743831194894e-06 3.22524272445336e-07
"minp" 2.70331026589626e-06 8.6061131281803e-07 1.23401390930436e-08 6.0926810208178e-06
"minp" 7.61737002432065e-07 4.45500549054034e-07 4.84136215510985e-06 1.64913440733168e-06
"minp" 2.70921017879637e-06 1.47079389270546e-06 1.41647389177682e-06 9.44842423904995e-07
"minp" 4.71866514766076e-07 2.7696251220336e-07 2.9090432977525e-06 1.89799054487868e-06
"minp" 5.04912996785958e-06 2.12986638869407e-06 9.38080392914777e-07 3.13544390497587e-06
"minp" 5.6154837465772e-07 5.63655632140502e-08 4.72813779053314e-07 9.03861169623663e-07
"minp" 1.71196722628174e-06 3.45747081648123e-06 6.83789292289429e-06 3.15274039529761e-07
"minp" 2.38400908780677e-06 6.20219890389785e-07 6.97791695800507e-06 1.36382322143061e-07
"minp" 3.41636810926615e-06 9.36511488601319e-07 2.18204010761928e-06 5.26943705339323e-09
"minp" 5.76208827766092e-06 2.07290988441411e-06 8.26985741926399e-07 7.80300098227812e-08
"minp" 2.38751630873936e-06 3.3465699121712e-07 3.67361929545649e-06 1.28452155469399e-06
"minp" 7.19556784574783e-07 1.37089432371115e-06 1.17355249621041e-06 5.45493330069011e-07
"minp" 7.12972604582868e-07 1.81408402613159e-06 6.17310162611383e-06 5.17699920898431e-06
"minp" 3.60955593344926e-07 3.27965741923116e-06 1.95367612846026e-06 2.18022704063595e-07
"minp" 1.73494623428467e-07 4.92434815312183e-07 8.04502032638565e-07 3.69082086466249e-08
"minp" 3.28451982501274e-06 5.09293537583586e-06 8.76083726646965e-07 2.34830565282805e-07
"minp" 1.06547946650923e-07 1.89116996247132e-06 1.65409044865065e-06 4.87298497881438e-06
"minp" 6.24920345253084e-06 1.37083300765829e-06 5.6295961994743e-06 1.38802634241529e-06
"minp" 1.08301751000911e-06 2.32856690005075e-06 7.29414575306331e-07 2.35989052066662e-07
"minp" 2.23434444608525e-06 5.03575981919441e-07 1.08158688833454e-06 8.92331585820988e-07
"minp" 1.40928032593491e-06 2.79230156264995e-06 6.03501832700123e-06 5.52049033259088e-06
"minp" 3.47778275076761e-06 1.44422918474928e-07 1.67334526968456e-06 7.13427379706985e-09
"minp" 2.21325004751641e-06 2.31351298261118e-08 1.20958569766544e-06 2.3990281847472e-06
"minp" 1.20558584329679e-06 2.68213434733858e-06 8.84039378583195e-07 3.16689454243096e-07
"minp" 7.9455161993235e-07 5.14827092504768e-06 7.90499165574956e-06 4.9167662614439e-07
"minp" 5.54645202960547e-08 8.20142567354049e-07 7.01401533904511e-07 6.81893504151854e-08
"minp" 6.87999645184123e-06 2.70649642669693e-06 4.13088912706916e-07 6.30345598709483e-06
"minp" 4.11087499023087e-06 4.25727037895071e-07 6.58583610988398e-07 2.32671338209476e-06
"minp" 1.3151356871638e-05 3.55943308602984e-05 1.45485221499821e-06 6.3497849247437e-06
"minp" 2.40834487509794e-06 7.7905555430144e-06 6.08754321403971e-07 1.09883967125083e-06
"minp" 4.84900623041638e-06 2.80313904951083e-06 1.5943786563572e-06 1.61001757707577e-07
"minp" 3.10591658629181e-06 7.48020117077026e-07 3.51337368040851e-07 1.80885213655323e-08
"minp" 1.60368921644858e-06 1.6042380052541e-06 9.28266018155516e-06 8.18661253743946e-07
"minp" 8.9637731638149e-08 1.38516676326787e-06 1.7181401195244e-06 2.24914562935032e-06
"minp" 4.81312950297697e-06 1.76633428498999e-06 2.0308072997044e-06 1.08453581683724e-07
"minp" 1.77978078577724e-06 8.18516390660398e-07 4.09437876633659e-06 7.3676386649896e-07
"minp" 4.56565255296294e-06 1.01920268184532e-06 3.80935137687328e-06 3.33896623740351e-07
"minp" 1.1313245198966e-06 1.23537809196731e-06 9.25014686104884e-07 3.72927122733014e-07
"minp" 4.065592368042e-07 1.69793816015401e-05 5.28627267341904e-07 2.84601949201195e-06
"minp" 3.30623855299872e-06 6.19782216870523e-06 1.35210110395521e-06 7.25533383452536e-07
"minp" 4.17363003162102e-07 3.65976505535772e-06 1.58622615860987e-06 8.50455498065734e-07
"minp" 4.05803143660171e-07 4.20826542425822e-06 2.7058995753418e-06 4.7306818291012e-06
"minp" 6.19451418906964e-06 1.74266354606919e-07 7.4605482028085e-07 2.41553415153538e-07
"minp" 4.92543487627842e-07 3.1442987401074e-07 1.79182422972652e-06 8.37074336605241e-07
"minp" 1.5897159991106e-06 1.59799849799087e-07 1.70062445145312e-07 7.96926902558767e-06
"minp" 1.29651790373354e-06 3.72384592053492e-07 9.28563600671325e-07 7.88788454304363e-07
"minp" 4.01325205583008e-06 6.23130841082673e-06 2.74423213392621e-07 2.4751333149126e-07
"minp" 1.92170437182459e-06 4.14535913469749e-07 1.90131622468538e-06 5.20396643692795e-06
"minp" 6.81526433472353e-07 7.15642847165149e-06 8.86176395981246e-07 5.2033604410016e-07
"minp" 5.26344857372607e-06 9.34535432842334e-06 1.60206590816301e-06 6.46120032333621e-06
"minp" 2.68622486067721e-06 3.58248006573412e-06 1.20975331195446e-06 1.09998906747116e-08
"minp" 2.9734935747549e-06 1.83227069318406e-08 5.88863127395979e-06 3.17124755820326e-06
"minp" 4.00641892898523e-07 7.04657738548871e-07 6.88984870481046e-09 1.73587250853781e-06
"minp" 1.01003459427712e-07 6.64395299492099e-07 1.67615707868129e-06 1.67255376736039e-06
"minp" 4.34689336710929e-06 1.70571473530053e-06 1.32996017994598e-07 3.84878974115728e-07
"minp" 4.11561924007803e-07 6.68117965925903e-07 1.65424516657833e-06 8.82249764736654e-06
"minp" 4.85083310000113e-06 2.49000986463005e-06 1.83882255067958e-06 2.6472618551322e-07
"minp" 6.06789687664046e-07 6.12930155238373e-06 1.15016885168626e-06 9.02684121974506e-07
"minp" 1.73918891498233e-06 3.71697462893586e-06 6.66388377385437e-06 1.43364044877385e-06
"minp" 9.23963353792211e-07 4.86262560012187e-06 8.5599504022603e-08 1.47156136623654e-07
"minp" 1.67242785918374e-06 1.65340415911731e-06 1.85084757767716e-06 1.63998349236349e-06
"minp" 2.25621765605235e-06 3.49687829068374e-06 4.09801391426691e-07 9.23316253811067e-09
"minp" 1.22534374697003e-06 5.90128236981361e-08 7.31914324218653e-07 1.77808802475407e-06
"minp" 1.53983283839925e-06 6.02937477774804e-07 6.5905651557783e-06 6.80996322295146e-07
"minp" 1.73598198917455e-06 5.09127483125391e-08 1.01614118421598e-06 6.76656838795227e-06
"minp" 6.14491701163757e-06 2.87567634810566e-06 4.348005112132e-06 1.18957976612072e-06
"minp" 8.94256957319812e-07 5.4572012562273e-06 2.23968929022794e-07 2.29058489745044e-07
"minp" 1.61598305927924e-06 1.87298099521289e-06 1.43017865533731e-06 1.5605764953687e-06
"minp" 2.30419737214112e-06 2.72907689969409e-08 3.55691960793168e-07 7.92510980236434e-07
"minp" 4.54590875033694e-07 8.37223159975313e-07 4.07678780759969e-07 1.63666466002783e-06
"minp" 4.28757784016613e-07 2.59251018691574e-06 5.7524663474993e-07 2.00361422798719e-06
"minp" 6.47055790456796e-07 4.23490365254665e-07 6.11848118645378e-06 5.17775575452124e-08
"minp" 2.47188090015785e-06 2.28862291537947e-06 1.67710697642325e-06 3.81196799514267e-07
"minp" 1.83058669189434e-07 1.29794828477228e-05 2.18403484527021e-06 6.21348740515087e-06
"minp" 1.61363185546459e-06 1.13664546500902e-06 1.03112662132619e-06 8.27900980050319e-08
"minp" 1.19122125306114e-06 2.3805961179339e-06 1.5654074321036e-06 3.34831978099091e-07
"minp" 3.804410276711e-06 1.59278359866146e-06 7.20285144965682e-06 2.58238182831047e-06
"minp" 2.06880118925056e-06 9.93810693473287e-06 2.06698286508085e-06 3.35293942150217e-07
"minp" 9.45812674633155e-07 1.03558319747879e-06 4.3479481010676e-07 4.72954477960201e-06
"minp" 3.9416023512622e-06 3.36700401175308e-06 1.35710662240806e-06 4.96655669456027e-08
"minp" 1.4129375023957e-06 1.19140404146317e-06 1.11336546518716e-06 3.80313923370848e-09
"minp" 4.08998912645592e-07 3.60410163862793e-07 8.07648415567711e-06 2.42448741268427e-07
"minp" 2.58469782918581e-07 2.56356581280434e-07 2.20079018212922e-06 1.37991607906383e-07
"minp" 1.06460299402151e-06 5.33940640838389e-07 8.28824895150636e-07 2.61543422996747e-06
"minp" 1.39283632931479e-07 2.86178678978998e-06 4.42508598672731e-07 1.7666247563391e-06
"minp" 5.61332130332835e-07 5.55387147993489e-08 2.56958555426232e-06 9.76311310641023e-07
"minp" 8.68952886963394e-06 1.3092083820304e-06 5.2506547380858e-06 6.95463189370947e-07
"minp" 1.14162643256806e-06 2.54346179372059e-07 5.25686494104076e-07 4.31008602005626e-06
"minp" 5.07017688312493e-06 1.78816905603665e-06 3.00228534337844e-06 6.69368349698076e-07
"minp" 2.98052178321709e-07 1.13003874870907e-05 5.26272211479531e-07 4.85162109161666e-06
"minp" 2.44666131017404e-06 1.18017149665489e-05 1.65238557831111e-06 1.92514570101335e-06
"minp" 4.56859011092022e-06 3.00365460350887e-06 1.24300927773528e-08 2.81873961563871e-06
"minp" 5.12671142376398e-07 8.63510957432217e-06 3.4730098400582e-06 6.6689041719353e-06
"minp" 1.01311387255652e-06 6.87197841445192e-06 2.79471412753009e-07 9.44577920157275e-07
"minp" 1.24712912062916e-06 1.34446106923901e-07 1.28955467762968e-06 1.58131076390692e-06
"minp" 1.18945330532002e-06 2.51892658614316e-06 1.38570834505406e-06 4.85233193706003e-07
"minp" 2.59298240412321e-06 6.03970232836074e-07 2.77584818384517e-07 1.69450818953598e-06
"minp" 3.12286067166791e-09 8.74852776071541e-07 4.4369847419014e-06 1.3850191487784e-06
"minp" 1.50131040825505e-06 3.07335892715794e-06 7.04184856594433e-07 3.47981649623188e-09
"minp" 1.08221652183809e-06 8.88312923160409e-06 9.93881643255851e-07 5.75195875570567e-07
"minp" 1.8113327310006e-07 2.15953229812754e-06 6.38552241047151e-06 6.26578989696049e-08
"minp" 2.83565140127932e-07 1.74633588540965e-06 9.15450937061615e-07 2.69431920138793e-06
"minp" 1.9617656612706e-06 3.73701966281343e-06 2.57118186682359e-08 1.87505096854589e-06
"minp" 1.3784589119453e-06 1.80802624601105e-06 2.97452747158627e-06 5.54283970030302e-06
"minp" 1.68899207070241e-06 2.03571318211868e-06 1.15855942395768e-06 7.20237798555381e-07
"minp" 3.11673057873525e-06 6.92396562683079e-06 6.83127322881163e-07 4.76696648222122e-08
"minp" 2.90379879983012e-08 7.63113817649519e-06 5.78490437042121e-08 9.67136659487036e-07
"minp" 1.70964625872903e-06 2.77298521800701e-06 4.71926778885782e-08 4.85923807747876e-06
"minp" 2.88387851937793e-06 2.69034403297617e-06 4.43202257121587e-07 7.0265862903132e-07
"minp" 1.31885157724108e-06 3.08028208952159e-07 4.18948180037218e-06 2.34714715218514e-07
"minp" 1.11260025069383e-06 3.99805675675111e-07 1.15691902622539e-07 2.61493066601497e-06
"minp" 4.17370351000761e-06 2.13886377794966e-06 7.23947187589357e-08 3.88781453662439e-06
"minp" 1.14464784725894e-06 1.88300225163983e-09 3.68742976602832e-07 9.37087071982908e-07
"minp" 1.61013115145213e-06 3.88666295044755e-06 3.18130112565185e-07 1.18915383458292e-05
"minp" 6.4134239834794e-06 2.76957566523174e-06 3.83810371569806e-07 4.37109515412361e-06
"minp" 4.24390136016459e-07 8.8693358977419e-07 3.15999513716483e-07 1.82300717467777e-06
"minp" 2.93931776486825e-06 1.42012399513793e-07 3.06073332832416e-06 6.34301413172727e-06
"minp" 1.041739097542e-06 3.0584685452807e-10 9.87832369439514e-08 7.22273137023288e-06
"minp" 1.70978346493992e-05 4.61513775912117e-06 2.71212277746955e-07 3.65407200548134e-06
"minp" 2.29286121166921e-06 3.21675503164352e-06 5.39836044098813e-07 5.50732348987303e-07
"minp" 1.31795014844146e-06 6.80659102246091e-06 6.14073382557397e-07 7.10787473924026e-07
"minp" 2.98317313735752e-06 5.79600856484398e-07 1.05736627317518e-06 3.88864733584106e-07
"minp" 3.37415595381059e-06 1.10960563082324e-06 2.47136637288342e-07 4.41508132343911e-06
"minp" 5.68093856192442e-07 1.13134342650998e-06 2.40306279708286e-06 3.96784081446772e-06
"minp" 5.67637081308063e-06 1.71255713564983e-09 5.5359076483495e-08 2.44133664382163e-07
"minp" 2.32854963099212e-07 4.96047941851851e-07 8.50300010995617e-07 3.64294707226494e-08
"minp" 5.01661686938811e-06 2.40047432926428e-06 5.3391487635352e-06 1.25876092829481e-07
"minp" 2.95907418062623e-07 4.63809725529291e-06 1.35708484587662e-06 2.1142931948529e-06
"minp" 6.62056144327941e-06 2.89647513910446e-06 2.48494851383351e-06 1.54943891234492e-06
"minp" 1.23236008668643e-06 1.35898424617203e-06 3.08830935444178e-07 4.07213411948129e-07
"minp" 8.70881688914162e-07 1.53624136751309e-06 1.89823803103867e-06 5.90207962172326e-07
"minp" 3.35453949949525e-06 2.33293206411624e-05 3.90105798276789e-06 7.56630769712626e-06
"minp" 4.35547200371639e-06 2.15062270482037e-06 2.91882811691546e-07 2.52396528424854e-06
"minp" 4.1641077508572e-07 1.53443312960681e-07 4.81995135455671e-07 4.27566123615111e-06
"minp" 6.67580623378094e-06 3.4763733786872e-06 1.14252633701718e-06 1.12883068600859e-06
"minp" 1.00132786178363e-06 6.73021432939372e-06 4.92652240587441e-07 3.14742310715498e-06
"minp" 1.64058779910873e-06 6.58172986220379e-07 6.84769419356623e-07 1.23180990963847e-06
"minp" 7.12802798051645e-06 2.09176231337191e-07 1.25027936789166e-07 3.68908816865845e-06
"minp" 5.64599900845696e-07 1.07994442431487e-06 5.28281765220087e-07 7.83647847061685e-07
"minp" 1.10562541801567e-06 1.6571579690144e-08 1.56546148900565e-08 3.70822884645667e-06
"minp" 2.05861146311721e-06 1.55543563258061e-08 1.28277779685517e-05 6.66261138287523e-07
"minp" 1.2041274405043e-06 4.18001332522407e-06 1.05074372574911e-06 2.08422957020382e-06
"minp" 1.74349452996756e-07 5.65001462774851e-07 1.01994843579872e-06 2.27502599704388e-06
"minp" 4.49806327353261e-07 3.44301946706529e-06 1.67231650056048e-06 2.51402404644607e-08
"minp" 2.54584012071265e-06 8.59736597836291e-07 1.60187134308955e-06 3.09827949171731e-07
"minp" 9.80069662812028e-06 8.57651974793112e-07 3.74643170911186e-07 1.43550071730954e-06
"minp" 1.29967752257644e-06 4.48089217960718e-06 7.89786902708387e-07 4.93389450451704e-06
"minp" 9.70445263448294e-07 2.41148033315491e-06 1.42632290258594e-07 2.86310485021134e-06
"minp" 3.24303275289279e-06 1.6518816091427e-06 3.95684757262469e-07 1.15467131641924e-06
"minp" 9.01660231357856e-06 1.20257453378115e-05 4.59459248009211e-06 3.80688015372335e-06
"minp" 1.27424012537516e-06 1.38739599359827e-06 1.54872301533839e-07 1.32236691838094e-06
"minp" 2.25226410515145e-06 1.25417680116833e-07 4.04937013309958e-07 5.30943892424663e-06
"minp" 3.94106856494749e-07 2.34005265499199e-07 4.8710477598665e-07 9.94133053732845e-07
"minp" 7.5641716952316e-07 6.37903309061582e-06 4.93631520730801e-07 5.19756895411633e-07
"minp" 1.08576794950442e-06 4.73951242207443e-07 1.16902817885086e-06 2.77572341303306e-07
"minp" 8.15777147475875e-07 2.3694977327454e-06 6.43611716269181e-08 6.80094209348832e-07
"minp" 2.57234680708325e-06 4.26532780368971e-06 2.47906622645315e-06 7.78184235991356e-07
"minp" 8.63642798637684e-06 5.79776542407056e-06 1.81446175316512e-06 3.3865719755917e-06
"minp" 1.30961703561987e-05 7.40801016677765e-06 3.38867667823125e-07 7.9890218958119e-06
"minp" 3.04058716912664e-06 9.35694882981876e-07 4.74761714915677e-07 1.12204300437611e-06
"minp" 1.1267371019505e-06 3.68235280124876e-06 3.49209635865116e-06 5.8316061507579e-06
"minp" 8.63267227163688e-06 5.21363775614231e-06 8.32579112224025e-07 2.1405187959398e-06
"minp" 4.02666579069122e-06 2.26085509771949e-06 3.15602422405846e-06 2.11523081993346e-06
"minp" 2.75417509435984e-07 6.96156447015321e-07 5.64655367460146e-06 1.43622655871684e-05
"minp" 9.92096378011734e-07 1.15520340550363e-06 4.60952874018213e-07 1.04130344373642e-07
"minp" 1.72577701257433e-06 1.3129302062823e-06 8.6856926281509e-08 4.21152117527263e-07
"minp" 8.27324411786074e-07 1.35963949325768e-06 6.21369635678745e-07 5.2909872195471e-06
"minp" 3.57520304254984e-07 9.47672648063217e-07 5.53202351373664e-07 1.35144801635621e-06
"minp" 3.52810103812364e-06 1.78616594836881e-06 2.15843960991799e-06 5.49352612496906e-06
"minp" 1.90235497640131e-07 3.56690861213855e-06 1.52263887373907e-06 1.63470721899256e-06
"minp" 5.05537770336077e-06 9.95396687310349e-07 1.86916167675668e-06 4.82727691148344e-07
"minp" 1.72662528769045e-06 1.52549978839293e-06 1.02929297808477e-06 1.54854766161808e-07
"minp" 5.69466453423896e-07 9.62301422072621e-06 5.57384517914345e-07 5.33673629608673e-08
"minp" 1.90663536352947e-06 3.16773474932891e-07 9.701942995839e-06 6.66338752343101e-06
"minp" 3.480881688529e-07 1.48652672585206e-06 1.79113343119772e-06 1.71962272382782e-06
"minp" 6.05502255544359e-07 1.40577488049072e-06 2.05512609252681e-07 1.37585880309348e-06
"minp" 1.20968693025355e-06 5.97113020389694e-06 4.93447098566603e-07 4.70623060983421e-07
"minp" 7.00890353200699e-07 3.8069338829005e-06 9.32734114140487e-08 7.86413154255204e-07
"minp" 7.62149262302559e-07 1.39713397528653e-07 2.35636842260093e-07 3.82127587102685e-06
"minp" 6.36735168748494e-07 5.792218073779e-06 6.03593085745443e-06 4.80320378040812e-07
"minp" 2.00235130206765e-06 3.8597631344979e-06 2.943464722478e-06 1.87838539113553e-06
"minp" 4.86692944079575e-06 7.76241394370884e-07 7.84950985027561e-07 2.6060918472525e-07
"minp" 3.74816541594173e-06 1.37661149762044e-06 1.09840516449668e-06 1.00981159890275e-06
"minp" 1.65064607305982e-06 1.14481090116079e-05 2.29086011621782e-07 2.77543795961032e-07
"minp" 4.14392985710438e-06 8.61258141425574e-07 1.16342614612115e-07 7.09454638648222e-08
"minp" 2.19459298472204e-06 3.53056039005755e-06 6.35242403315914e-06 6.294168133839e-06
"minp" 1.509629537021e-06 3.59771966910781e-06 1.11822952192844e-06 4.98992858252534e-06
"minp" 1.89045083066791e-06 1.42387551294708e-07 2.11106929796578e-06 2.17612529910459e-06
"minp" 6.27177536869987e-08 2.44725234433406e-07 1.60487169170352e-07 3.2326368918376e-07
"minp" 2.22553790151994e-06 4.1689699773301e-06 2.57954581560902e-06 3.83986766469806e-06
"minp" 1.7688728920135e-06 3.15436545113883e-06 7.92728217936929e-07 3.21254230565927e-06
"minp" 2.3991159323078e-07 8.89062208774965e-07 3.49254295075149e-07 8.4354151542872e-07
"minp" 7.19705133360954e-07 7.80432640749687e-06 2.31960262980331e-08 3.35203896014502e-07
"minp" 2.71932211593799e-07 2.81708785305241e-06 2.46081049833169e-06 9.23571374817112e-06
"minp" 1.81117936866317e-06 3.00196629675389e-07 1.88721562447433e-07 1.72610093668481e-06
"minp" 5.18241309879841e-07 4.82014167389165e-08 1.92810724190585e-07 8.64368142612906e-07
"minp" 3.25597906069785e-06 2.744623189277e-06 1.50551931992248e-06 3.15356732709909e-06
"minp" 1.15314346226796e-06 1.56874074595608e-06 1.02127054220346e-05 1.36008264293057e-06
"minp" 5.66673202205169e-07 9.78838149435539e-07 2.4977320510349e-08 4.48776406275978e-06
"minp" 1.59887209363889e-08 8.89033828011383e-07 2.22995462032011e-06 1.09753210871087e-06
