"sGen" "sGenxrec" "sGenxenv"
"1" 1.66964614990403e-07 9.46614001567565e-08 3.14771028750063e-05
"2" 6.20195079520215e-07 2.76924668551666e-06 2.41674480191343e-06
"3" 2.39326462753794e-06 2.19568434777659e-05 2.01929928739705e-07
"4" 5.25517009247747e-06 6.26572357736745e-07 7.04940803375449e-07
"5" 1.28263939181823e-06 5.36281137754414e-07 6.90583691993645e-07
"6" 4.21617218803003e-06 3.08724004826515e-06 2.19260483329266e-06
"7" 9.97018713888725e-07 8.48281094310052e-06 1.9374529137749e-06
"8" 3.97033272175941e-06 2.39512867366645e-06 7.28084175205629e-07
"9" 1.60702991957214e-06 7.78021176957052e-07 1.65854607946988e-06
"10" 2.95296572446005e-06 3.1322755300377e-07 6.34011451583771e-06
"11" 3.87188953084328e-06 3.2894308981499e-06 1.74946503062454e-07
"12" 1.81206591465781e-06 6.97897992576859e-08 6.73641684682228e-06
"13" 1.61544462898542e-06 1.40932662645469e-07 2.65331624792217e-06
"14" 3.32763012187855e-06 1.85480015079992e-06 1.38267688121677e-07
"15" 2.39642213699014e-07 1.42695913909801e-06 1.86997233737679e-06
"16" 7.96349148121287e-07 2.27315105355486e-06 8.59502908870178e-09
"17" 8.54494620337826e-08 3.69637720165316e-07 3.38053727601003e-08
"18" 6.83324767502443e-06 1.74670849513926e-06 2.8117547880959e-06
"19" 5.12654295727224e-06 7.37166394106933e-06 5.70906213076863e-06
"20" 2.35307276769475e-06 2.10611140975368e-06 2.84355622043013e-06
"21" 1.90638006076217e-07 1.2455266298718e-06 1.41521370582509e-06
"22" 2.64752618085012e-06 1.99502312148938e-06 8.37500510813014e-07
"23" 9.49637668198646e-06 5.39450205007859e-07 1.58393924718207e-07
"24" 7.9343972875196e-09 2.62710799135176e-05 1.80075324147905e-06
"25" 6.74974679308808e-07 5.85276507045455e-07 9.40451196128179e-06
"26" 9.29800556227694e-08 4.58434524734883e-06 1.43244421604638e-06
"27" 2.10375012942543e-06 6.11322466502658e-07 8.83303268208244e-06
"28" 8.05257687360118e-07 1.10469887631901e-06 2.5347805383304e-07
"29" 2.62623809152417e-06 5.20327692480816e-07 2.6466827063779e-07
"30" 1.07873989236681e-06 3.3104472033604e-06 2.79752897988882e-06
"31" 1.33210888432928e-06 3.4251502964977e-08 4.9661545070713e-07
"32" 2.64813373368005e-07 1.60469081966416e-07 3.2022554445546e-09
"33" 2.29387913338449e-07 5.27823057752886e-06 7.62947369863183e-07
"34" 5.53164824855024e-07 3.10149637998812e-07 1.56510381622355e-07
"35" 3.34263832249018e-06 3.94292922896995e-08 2.00391642506772e-06
"36" 8.11934615347318e-06 1.97747490971552e-06 8.27505037838075e-07
"37" 2.25580622978936e-06 2.77823273457416e-06 3.47120113493439e-07
"38" 8.40556099636734e-06 2.57977010647977e-06 5.46443506820089e-08
"39" 7.5276244859572e-06 4.47318749919502e-06 1.20911612645834e-06
"40" 2.38499832185318e-07 5.75337215979534e-07 2.53329090670723e-06
"41" 1.47721613696716e-06 6.73972109530656e-07 8.79316424494411e-07
"42" 1.25221684869259e-06 8.62988370298417e-06 8.698914858509e-07
"43" 1.35601154027488e-07 1.76596834846133e-06 5.63804989916353e-06
"44" 7.12180461441774e-07 9.99071422021895e-07 1.20625580875555e-06
"45" 6.5510577601033e-07 7.49457579133168e-07 5.1669098498714e-06
"46" 7.41106150943766e-08 1.40669509976206e-06 2.11487705299306e-06
"47" 1.09215996470686e-06 8.34723988459492e-07 6.46976428556405e-06
"48" 5.32557369925481e-07 2.17034724974761e-06 9.36498700036495e-06
"49" 6.64915391661828e-09 2.84591150629933e-06 4.8989529577765e-06
"50" 1.38818772630769e-06 1.95111082965449e-06 4.41268826022841e-07
"51" 3.17295622927058e-09 1.71165736327108e-09 4.36965188979894e-06
"52" 1.43304889642025e-06 5.51929994693267e-08 9.89476742858939e-07
"53" 1.44693677632848e-06 3.61772130266693e-06 1.25755087782812e-07
"54" 7.68832081525803e-07 1.64137158739483e-07 3.77270935249869e-06
"55" 2.18840775804835e-07 1.26976273299399e-06 1.51622933694751e-07
"56" 4.09214430148537e-08 1.34332535736694e-07 3.49328725590208e-08
"57" 3.68281624862837e-07 5.33135569048955e-06 8.80165610262757e-06
"58" 1.1729700556345e-07 3.7941033670238e-07 6.87467665050399e-08
"59" 9.15274139603886e-07 3.2108359684186e-06 1.42163916770188e-06
"60" 2.24025559157108e-06 1.40714194785249e-05 3.92264792607465e-06
"61" 1.02505588478006e-06 2.78050552925635e-05 1.09462435799781e-05
"62" 2.42573945240996e-08 2.6210420999181e-07 4.11850211292142e-07
"63" 3.58028801944477e-08 1.03302048024043e-07 8.37774168459723e-07
"64" 2.19065447322914e-07 2.59574065323088e-08 6.25128602064735e-07
"65" 3.35131928990809e-06 6.05848393934548e-06 1.95131694350908e-06
"66" 2.92473001462108e-06 2.64553849684018e-07 1.1361405050697e-05
"67" 1.16535150908651e-11 5.62734357539737e-09 1.81406580174103e-07
"68" 3.35228974303854e-06 5.2806010621868e-06 9.043185553465e-06
"69" 1.09236862300022e-06 2.06255159314772e-06 1.3936853784012e-07
"70" 9.25731659800957e-07 2.33301965315666e-06 6.08708077851717e-06
"71" 6.15488968407536e-07 9.58953813593914e-08 3.45266477667788e-06
"72" 6.42155645231285e-06 2.00704583910619e-06 1.11511644058739e-06
"73" 5.05306818813657e-07 1.87673332010024e-06 1.84252783102214e-06
"74" 1.74765771884562e-07 2.90852539643258e-06 3.32300904540282e-06
"75" 4.51583025292909e-07 6.8303389765172e-08 2.31771830610016e-06
"76" 1.46414935809913e-06 2.26961564047331e-08 5.83927473594057e-08
"77" 2.03690408508195e-08 7.90204561307201e-07 1.62601952304499e-05
"78" 3.67472034311025e-08 8.92543959295644e-07 2.04126926177945e-06
"79" 4.42051356617495e-06 9.69272109763749e-07 2.23658566463099e-06
"80" 5.15276022422081e-06 4.24236652897558e-06 6.45208688015025e-06
"81" 1.72913163769806e-06 1.87187150508204e-06 7.23406057761173e-06
"82" 3.38014788602926e-07 1.90105597281218e-07 4.0398462414254e-07
"83" 6.79229959272284e-08 6.34815786582502e-08 3.72880252134195e-06
"84" 5.00444314819038e-06 9.37151318121132e-07 7.65782849078563e-06
"85" 1.60499006667122e-07 7.29454152800131e-07 2.47469211810399e-06
"86" 2.38116241818253e-07 3.9720409546834e-07 9.35255573467534e-06
"87" 1.78339012133027e-06 1.76996322837931e-07 3.17955488567917e-06
"88" 1.72478165621291e-06 8.47632863892658e-07 2.01109178880112e-07
"89" 3.64800090548587e-06 1.25931286464293e-06 3.03649166367273e-07
"90" 2.4776358796615e-06 1.32957682426571e-06 6.42879954174158e-06
"91" 1.36393147904879e-06 2.0413722595627e-06 1.71631738046444e-06
"92" 4.82979024951939e-07 2.20085666928051e-06 1.13541497194238e-06
"93" 4.28784249766154e-07 1.23414357698044e-05 3.22845530982468e-06
"94" 1.00905681881406e-07 2.09639735529156e-07 1.43073661503006e-07
"95" 2.79319863017967e-08 1.00004014706048e-05 1.57238647753013e-06
"96" 1.57374270515975e-06 1.80725287501023e-06 1.89457394015527e-06
"97" 1.85854862249185e-06 2.09316029050051e-07 7.36090980126086e-09
"98" 4.08763587143324e-06 7.3951486593536e-06 2.93035536408617e-06
"99" 6.22347928554606e-06 3.9481876358222e-06 1.93658553456899e-07
"100" 4.09461061321881e-08 2.84496586296807e-06 4.99889660830878e-06
"101" 6.05767253298796e-07 5.47094012904672e-07 2.35659189033401e-06
"102" 4.7040583725712e-08 2.57427723665994e-07 4.36724679522939e-08
"103" 8.3109486774924e-08 2.39664106067852e-08 1.56998060468711e-06
"104" 2.59977720486243e-07 3.86250903412766e-06 9.42032597670482e-07
"105" 3.6933480890867e-05 8.27384269860407e-08 2.82026624609453e-07
"106" 1.13796620733202e-06 1.43997738404951e-06 5.74525262284293e-08
"107" 1.0518667660285e-06 4.8180583286933e-06 5.01731782738804e-06
"108" 2.5737803315028e-06 2.78265264293962e-06 7.19891271378511e-08
"109" 1.64705857951611e-08 1.35711558821055e-06 2.41221650708016e-09
"110" 6.41475856843406e-08 1.51770105167908e-05 3.07395599840796e-07
"111" 7.95931990103155e-07 1.86993216819332e-06 1.8277624873974e-07
"112" 1.02738490390846e-06 3.17669360929725e-06 5.20458872402386e-09
"113" 1.04611140705947e-06 2.64705567239548e-06 1.18301826732208e-06
"114" 1.14610733167119e-05 9.0527995965138e-07 3.81083468245336e-07
"115" 3.06054025287458e-05 3.06831233111941e-07 4.88324510525246e-07
"116" 7.68817414989072e-07 4.87919117994308e-07 2.51926588114917e-07
"117" 6.58355532671951e-08 4.28994353419833e-08 5.6705830941899e-07
"118" 5.15296302310771e-06 6.47278291080855e-06 2.0280733820801e-06
"119" 8.63456570353271e-07 3.18375518501479e-07 6.92749872087659e-07
"120" 2.52885162430867e-07 1.66052134112183e-05 3.6717428395397e-08
"121" 1.14891782250374e-07 3.36348457467954e-07 1.00352896931595e-06
"122" 1.13391391033298e-06 1.99798227742995e-06 2.8180674807437e-07
"123" 8.00362916818708e-07 1.55742305910671e-06 6.08621458219652e-07
"124" 2.13589586011242e-06 2.82553679856876e-08 3.94508267778534e-07
"125" 8.24275176505489e-07 1.09457969332424e-06 5.51513213344863e-06
"126" 3.37689975211325e-07 3.0198998325916e-06 8.59654796203618e-07
"127" 1.23976147629745e-06 1.31884127384504e-06 3.42534167905056e-06
"128" 3.3875751930833e-06 3.58876734060527e-06 1.90122809395049e-06
"129" 7.15070474533861e-07 4.9206944926218e-07 8.16191240607866e-06
"130" 5.55265531344145e-08 2.66455531694998e-09 1.55699051968065e-06
"131" 7.3587057274966e-07 2.89841246683887e-07 7.06492273372386e-06
"132" 7.0046642843393e-07 1.0920162838066e-06 9.52775455262804e-06
"133" 6.71585680253477e-07 3.39234146018697e-07 3.9296920712903e-06
"134" 4.22579288597107e-06 4.67290764330863e-07 9.91327681500797e-07
"135" 3.08796627242704e-07 2.93845006845648e-08 4.67510061162106e-06
"136" 1.39140489055901e-06 8.13084968558235e-07 3.55664343601191e-08
"137" 2.45350565915872e-08 1.89319098192891e-07 1.37633535598136e-06
"138" 6.2819331313228e-07 2.04259660618734e-07 3.07559442699236e-06
"139" 1.39476105298017e-07 3.43490825942489e-06 9.41492871553577e-06
"140" 6.88409428525197e-06 1.67159971535954e-06 4.74539064107835e-06
"141" 1.58720317670513e-06 8.8093829088418e-08 2.94411108888054e-06
"142" 2.14138672691802e-06 6.28186420169122e-06 2.88941889790458e-06
"143" 7.73359475516173e-07 1.53723017427397e-06 2.62511211258986e-08
"144" 3.16933920975434e-07 4.38709153415538e-06 1.52910209306608e-07
"145" 8.34373425503779e-07 1.08759933147235e-06 1.02643851655561e-06
"146" 7.87097957217057e-06 4.69587128649076e-06 1.24767802832937e-06
"147" 7.70816504907403e-08 3.09771912644172e-07 8.19067362492636e-07
"148" 1.03429818233595e-06 8.00374766200986e-09 6.79523284673928e-06
"149" 3.45479415275223e-06 3.32542974040785e-06 2.99275062612064e-06
"150" 6.29062436723775e-07 7.73711136407021e-06 5.10468279122367e-07
"151" 1.21378208383022e-06 2.12981501834561e-07 1.04792274860977e-06
"152" 3.35070675369557e-08 6.45902126482698e-08 6.81126425093742e-07
"153" 4.55982138888566e-07 3.15106238494616e-06 2.85355916166938e-08
"154" 5.21863059969347e-07 7.63641177215089e-07 2.04046587426424e-08
"155" 1.2523817570817e-06 9.91271452105564e-07 1.58848273360096e-07
"156" 2.70865073940881e-06 1.92551653072949e-06 1.63114733583193e-06
"157" 5.20464654777561e-06 2.80493779879337e-06 5.20228654278519e-07
"158" 7.69852025271199e-07 6.731721792892e-06 1.19857953038615e-09
"159" 2.42971580788218e-06 4.73517659204575e-07 1.1895659565361e-06
"160" 1.88219170366536e-06 1.36232112279679e-05 1.51482408794007e-07
"161" 4.23526503309185e-07 6.20093356444088e-06 3.01820408636136e-07
"162" 4.26249715428239e-09 4.74985739529871e-08 4.15152219194536e-08
"163" 1.39610827540255e-06 1.16073316728984e-07 2.98414122467885e-08
"164" 5.79647018660964e-09 2.35527210535926e-07 6.30466193086678e-06
"165" 7.48868199769553e-09 2.23574416563804e-06 6.11741423706217e-09
"166" 1.16364027633259e-06 6.38903021526578e-07 9.31583348065729e-06
"167" 4.23187930493707e-06 5.43213277397461e-07 1.51122509996332e-08
"168" 4.70518041543478e-07 5.09663628808779e-08 5.18203522408284e-07
"169" 2.11978363159969e-07 5.26677966452889e-06 1.80643486906698e-05
"170" 3.37592120725366e-08 4.50835270283832e-06 2.90402550274241e-08
"171" 5.16741837834716e-07 3.92580338866897e-08 1.34947187913431e-06
"172" 1.26816851902305e-05 3.07154106135999e-05 8.46404552079274e-07
"173" 7.17379776408725e-06 1.25681072147474e-06 2.84351543527779e-06
"174" 3.96611881299404e-09 1.0451892934966e-07 5.11525600150958e-06
"175" 1.97003643345486e-08 1.52794141094428e-06 2.72929176488847e-06
"176" 1.03448880489224e-06 1.1499565441047e-06 3.81908453056146e-06
"177" 1.89565365689546e-06 3.57031276039487e-06 2.08785827605359e-07
"178" 1.48057178868112e-06 7.71670872317078e-08 6.23321038561298e-06
"179" 4.46526162230063e-06 1.96287210064836e-09 8.67102151905051e-06
"180" 5.70063753288686e-06 7.08239301324287e-07 4.72733476831531e-08
"181" 1.444465607724e-06 3.89457191851919e-07 1.95571079977048e-06
"182" 5.73610596031183e-06 2.29646638541697e-06 1.1566890482754e-09
"183" 1.24205708784452e-06 6.73883175406376e-06 8.83398062619679e-06
"184" 1.19089291971491e-07 4.0861910788146e-07 1.18886392142564e-08
"185" 2.30424238974561e-07 1.19971269059325e-05 9.27877946367518e-08
"186" 3.47372253348734e-06 1.26141082729045e-05 5.24275403656669e-06
"187" 3.8396747764481e-06 5.09445027118652e-06 1.90147214203171e-06
"188" 8.24042097858705e-07 2.24476200039102e-06 2.21943179685148e-06
"189" 4.70521370358579e-06 1.18712795550902e-06 1.24372334221035e-05
"190" 5.10792426015677e-06 3.7187757105543e-06 3.47333644840892e-07
"191" 4.41339736599786e-06 4.64128220147863e-06 6.3734317254343e-06
"192" 1.02936461206074e-05 1.08856119554058e-07 1.25800100743705e-06
"193" 7.40821150225761e-07 3.81827332426869e-06 2.86335806094296e-06
"194" 7.9621430692284e-07 2.13917100094402e-08 5.30843037928077e-07
"195" 7.44158211971441e-06 1.72806149881438e-06 9.15347637417158e-07
"196" 2.06506310495441e-06 2.72348392033361e-06 1.35560950036354e-08
"197" 4.45969558424804e-07 2.08713848643534e-06 8.53433362345162e-06
"198" 2.8919215055605e-06 2.08243563406692e-06 5.23200284571515e-06
"199" 2.63365654751847e-06 5.49022761856708e-06 3.98574051661299e-07
"200" 1.1736388004409e-07 9.07357245678681e-07 3.28960642380143e-07
"201" 3.95759006299258e-06 1.10381861233153e-06 1.61149453167044e-07
"202" 1.22953510800814e-07 7.82370566213214e-09 1.43164604518738e-06
"203" 3.13924648710087e-06 3.22722909869256e-06 1.01325037281243e-07
"204" 2.05740357919018e-09 3.25159162316614e-06 3.33033370806646e-08
"205" 2.3608912793785e-07 2.52745499240242e-07 1.64681085248771e-07
"206" 1.59641807638809e-06 3.31269404564028e-08 2.85433323896092e-06
"207" 2.83560203945006e-06 7.14358917507949e-06 2.47147530475447e-07
"208" 2.95010788398274e-08 3.15915162838127e-07 2.6727393826402e-07
"209" 2.0525987015042e-06 4.40355337955287e-06 1.06628592621521e-05
"210" 1.42830656867627e-06 4.90761343852992e-06 1.81689295002541e-06
"211" 1.39059746819294e-06 1.36878741950181e-06 5.07601537405965e-06
"212" 1.27978929190462e-08 3.66512428609354e-06 9.10537602501368e-06
"213" 4.16974333114602e-07 6.88136923432637e-07 1.14158352977498e-06
"214" 8.38478227194488e-07 1.51973603607747e-06 1.70868322778409e-05
"215" 1.01979602322845e-07 5.97446684443972e-08 1.67871901564119e-06
"216" 1.93418052953512e-06 1.44689128332831e-06 1.25620576576702e-06
"217" 5.76963858531093e-07 4.06536106289063e-06 1.54067665692835e-06
"218" 1.3505574410402e-05 1.66205765416518e-06 4.6234769950104e-07
"219" 3.88719332411718e-06 9.20341800324644e-07 2.99033962192687e-06
"220" 7.23685493750259e-08 1.82702242102654e-06 1.06511963264145e-06
"221" 1.20898225829502e-06 1.22393492232712e-06 5.94684982217926e-07
"222" 3.53851217200779e-07 1.15339086028445e-06 1.22304539939809e-06
"223" 5.01547548406512e-07 6.08199552775075e-06 2.16849553345396e-06
"224" 2.39693625857676e-06 3.6376609891969e-06 1.17323847626031e-06
"225" 1.54686232069784e-07 2.09901471930688e-06 2.79894226615897e-06
"226" 8.26657198899634e-08 1.28472720620296e-07 1.27514515698245e-07
"227" 1.84754546575414e-06 5.09723212639757e-06 2.77294644520048e-05
"228" 2.0983433947416e-06 3.83106495243997e-07 5.24172229487644e-07
"229" 2.28215690630472e-06 6.32898212250679e-08 8.32397917006394e-07
"230" 2.361208787299e-06 6.26334877829384e-07 2.55422827325019e-06
"231" 8.6086752543312e-07 8.01364596600077e-07 1.79962595567362e-06
"232" 3.63165057345741e-06 4.59765373688327e-06 9.81119441700879e-07
"233" 2.56797292264235e-06 1.50997789986181e-07 1.09709697427444e-07
"234" 6.74853780308257e-07 3.61979756318769e-06 1.35464862907834e-06
"235" 5.85376992170263e-06 1.35740982210904e-10 9.07550279102441e-07
"236" 6.22416336503831e-07 1.64502081474437e-07 1.04777848463685e-07
"237" 5.023902388385e-07 4.33786514633931e-07 1.89350592376587e-06
"238" 7.09194574330032e-08 1.06447508466523e-07 7.47280466520935e-07
"239" 2.10425932261387e-06 5.14009113018757e-08 4.05804056624581e-07
"240" 1.19990530178792e-06 3.48245987223379e-07 1.27700317588962e-06
"241" 3.00214533164288e-07 7.3180536411092e-08 4.92285297219077e-06
"242" 1.25769136349524e-06 1.6406335457932e-05 8.13180347736762e-07
"243" 2.64485398256475e-06 7.65577783812485e-07 3.837256858404e-06
"244" 3.72293670342173e-07 8.24775862821477e-07 1.19290450307562e-06
"245" 1.0503711018012e-06 1.38944125372835e-06 1.46681838373231e-06
"246" 4.21071274657196e-07 3.57524578136763e-07 5.76028033181631e-06
"247" 6.11537541879018e-06 1.42799758801225e-08 9.26543956116324e-06
"248" 4.73797607501014e-07 1.3041727854069e-06 3.25953405843526e-06
"249" 1.1285918350339e-06 3.93875883290398e-06 1.24426884872312e-05
"250" 8.21435820410534e-08 2.92790768612241e-07 4.41110375929193e-06
"251" 6.63537795303344e-06 4.70634777875524e-07 1.6296688402902e-06
"252" 1.0112768182099e-05 6.36213590977379e-07 5.28811441536978e-08
"253" 1.49616308817065e-06 7.01792436846683e-06 2.88690286799341e-06
"254" 2.98838790053395e-06 5.5870806892666e-07 5.49211966159197e-07
"255" 1.21786308251151e-07 1.09825048178281e-06 7.75285207206223e-07
"256" 9.63780645999889e-08 1.17483639673448e-06 3.07440412191847e-06
"257" 2.54004498757096e-07 1.33262545279354e-06 4.20857753134303e-06
"258" 3.0364848346973e-06 3.07692065623554e-07 6.39151065591919e-07
"259" 4.84336236263117e-07 2.97488676468443e-06 2.53761157604596e-06
"260" 6.83742508855008e-07 1.42220337699609e-06 2.5157282035203e-06
"261" 1.43615953051291e-05 5.76382166223859e-06 1.31203588950509e-06
"262" 6.81827800611972e-06 1.95563764941284e-06 1.01604293428e-06
"263" 1.3247011740299e-06 3.82836563879382e-07 4.14188800603625e-06
"264" 1.72216921346038e-06 4.52926160539168e-06 1.00891374078666e-06
"265" 3.10458691891904e-06 2.46206206756085e-06 5.69105740872949e-07
"266" 1.6231736330552e-07 3.40689877936237e-07 1.67907839055761e-06
"267" 9.57011223345771e-07 1.3335899766106e-05 7.85404547708717e-06
"268" 1.58618921680727e-06 2.95478202128559e-07 1.94086726380934e-06
"269" 3.08490417403635e-06 3.02034505138167e-06 1.53259583732178e-06
"270" 2.86579970896387e-06 4.69910292006098e-06 3.96303626434973e-06
"271" 2.5721781041117e-06 1.36598660153987e-06 1.10590760532694e-06
"272" 1.73558060155076e-06 7.31357971640226e-07 9.27969701228953e-07
"273" 1.46579812768793e-06 8.20012875762248e-09 6.92491078242413e-06
"274" 2.70855067984536e-06 7.03053425630359e-06 6.04319355975268e-06
"275" 1.85628173614414e-06 5.00581730442258e-06 9.56299348394584e-09
"276" 6.70405169065338e-06 2.43789641348977e-06 1.28160071412918e-06
"277" 4.04016031183285e-08 1.44405319779364e-05 3.23105567816699e-06
"278" 1.79942297094046e-06 8.44792372580446e-07 1.88962491448434e-08
"279" 4.89942015486936e-07 6.79030984860234e-07 6.05150941011315e-06
"280" 1.12091802610364e-08 1.70229146198064e-06 3.65679793253361e-07
"281" 5.34417185794178e-07 5.94386930358636e-06 1.72129170776252e-06
"282" 1.47196288465119e-07 2.09669834586972e-06 1.86766025932269e-06
"283" 3.98949523376042e-06 9.07841136575078e-07 2.66041628785651e-07
"284" 1.26795310344003e-06 5.98302236608074e-09 2.12718437369879e-06
"285" 2.58381866486238e-06 6.12442054613194e-06 3.51486563262642e-08
"286" 1.87683047377332e-07 8.27047099784374e-07 9.18672904543843e-06
"287" 1.28450706636828e-06 3.571945792201e-07 6.72366403005333e-07
"288" 4.76564619659263e-07 5.55415459733593e-06 1.72754169460389e-06
"289" 4.97889843673375e-09 5.58192106923354e-08 5.62658686759941e-07
"290" 1.58215999013004e-06 7.96584612025216e-07 3.5148881058427e-07
"291" 4.57171068462669e-06 8.13486121885474e-07 5.25088420261421e-07
"292" 1.10930069163899e-06 7.21045865961521e-06 1.45169236694585e-06
"293" 1.09970285202664e-09 1.3578177089502e-06 8.28235360123334e-06
"294" 5.82669557362202e-07 5.64836629534694e-06 3.48884734734274e-07
"295" 3.42832950268249e-06 1.61939254297212e-05 3.30031103850839e-06
"296" 1.30634303167519e-06 1.63175127261888e-06 7.76240347178881e-08
"297" 2.26619385962917e-07 2.12487280945599e-06 1.08687467970087e-05
"298" 1.17965784793359e-06 1.05054199152252e-05 8.03887402190112e-07
"299" 1.47205051498287e-07 8.1779935231199e-06 1.90368929240899e-07
"300" 2.56614993510376e-07 1.48181134127086e-06 2.10701775851802e-06
"301" 1.28506970864159e-07 1.92960976890645e-07 1.55070008896463e-06
"302" 2.85099565701948e-07 2.47413769571991e-07 1.57659421771435e-05
"303" 1.87077498437653e-07 3.72979118590824e-06 2.74643202502674e-06
"304" 1.10569759768511e-05 7.56105033550821e-06 4.96439421575139e-06
"305" 5.19947327706946e-07 7.12452436752114e-06 5.35589653247315e-06
"306" 1.77176119818195e-06 1.50413956056834e-05 3.03277477106524e-06
"307" 5.07348631861113e-07 2.76673023090964e-06 3.15630030976749e-08
"308" 6.04074534115807e-07 4.03349016813051e-07 5.55879634083639e-06
"309" 2.7741216904177e-06 5.00081979564534e-07 5.52123565234022e-07
"310" 1.70082195882964e-06 4.97282198532337e-07 1.8037591474497e-07
"311" 4.72629231507393e-06 5.10500431064051e-07 5.85148867395145e-06
"312" 1.97374003467911e-07 7.58927585318011e-07 4.4180967780232e-07
"313" 7.93188707205368e-07 1.20126027000517e-06 3.16577299681365e-06
"314" 8.95910602450939e-07 4.77528067178933e-06 2.72555030407522e-06
"315" 8.55357002993219e-07 6.80650164379311e-07 4.94908882437663e-07
"316" 1.09760301235256e-07 1.26178860970623e-06 6.5856886035307e-06
"317" 1.58936866930675e-06 2.22912885752452e-07 4.92330001468761e-07
"318" 2.09563168557867e-06 1.23474355594476e-06 3.25438919504835e-06
"319" 3.73207519090386e-06 1.45837259599302e-06 1.52822826747663e-05
"320" 5.02913961798619e-07 3.03294180369064e-07 2.51369397187988e-06
"321" 4.75852788409622e-06 1.99206127732284e-06 1.03730365208481e-07
"322" 2.34812593116665e-07 2.34739693802092e-07 1.13069582974609e-06
"323" 1.63786258289451e-07 6.85856329253736e-07 1.82942657004988e-06
"324" 4.6717875286731e-07 4.39366777402659e-07 8.78966591585264e-09
"325" 4.20741698991096e-06 2.32481315993598e-06 1.34401750974191e-06
"326" 3.55333181283153e-08 1.49891270006363e-06 4.15368988888836e-07
"327" 1.2692720039089e-06 1.66961759513472e-06 2.24661819442675e-06
"328" 5.763452431604e-07 4.02094285025742e-06 7.26621435821818e-07
"329" 4.18174544959706e-06 5.4192474677199e-07 2.53425191479466e-06
"330" 3.12062891263097e-06 5.5914164213382e-06 5.18642746186605e-06
"331" 8.68312754639891e-06 1.69719537141974e-06 2.81862090045668e-07
"332" 3.88762864124199e-06 5.62821772339281e-06 3.32049160729833e-06
"333" 1.00956720662399e-06 1.4406748698581e-06 1.23864127135263e-06
"334" 1.70152398907133e-05 1.67898791134139e-05 2.72627347488911e-07
"335" 4.28852328573397e-06 6.17815366320746e-08 6.22394039643726e-06
"336" 6.94782542805604e-08 1.81800987430597e-08 1.17651557884112e-07
"337" 9.38127633878038e-07 7.66896356960824e-07 5.59904022434142e-07
"338" 1.2243958640972e-07 3.39970777654319e-06 9.93378331626717e-07
"339" 3.66000738703367e-06 2.12107189002952e-06 1.65648878677542e-06
"340" 4.20650266106959e-06 8.94385055213331e-06 3.85781949930825e-06
"341" 2.37121201360175e-07 2.66258588717117e-06 7.34499745035982e-07
"342" 3.30314154058043e-07 3.14875510851975e-07 2.70246104341567e-06
"343" 2.02753300958165e-06 4.79131536782593e-08 4.54564543872814e-07
"344" 9.29208651270279e-07 4.02105627865366e-07 4.32326704254636e-06
"345" 1.98253392650999e-07 8.01793247197349e-06 6.32208445784771e-06
"346" 1.6114584054224e-06 2.93168463478419e-06 6.96898465501948e-07
"347" 5.82529748558934e-06 3.32807889071691e-07 1.7721051425097e-06
"348" 6.83851861698128e-07 2.1654733286681e-07 4.14661072299811e-07
"349" 2.83748945992166e-06 1.30744252800682e-07 5.92210832408036e-06
"350" 1.5230279941642e-07 4.96555090876048e-07 1.89655771389887e-07
"351" 2.248339351359e-06 1.11407231898198e-06 8.59889024403978e-07
"352" 1.0187145010658e-07 4.65350583926018e-07 1.73720891557439e-07
"353" 5.46203018240576e-06 3.46953391786627e-06 1.34364247871578e-05
"354" 9.21942834785164e-07 1.51183137917179e-08 5.89128922382013e-06
"355" 2.85154156359148e-06 2.0596384197303e-05 1.8686376105558e-06
"356" 1.41680969765072e-06 3.12314130873604e-07 1.07318892524913e-06
"357" 9.21918437069123e-07 6.5665797455546e-07 4.97237553273112e-07
"358" 2.02383695881841e-08 1.11998962431922e-07 9.10105585870504e-07
"359" 1.161590434066e-09 3.04492485263023e-07 4.86812803524635e-06
"360" 1.3856521209864e-07 8.24337010375534e-07 6.66730777353985e-07
"361" 2.35568091689551e-07 1.595163351832e-06 4.09884573257974e-06
"362" 4.99179747559743e-07 6.35660968191519e-06 4.06276434998875e-06
"363" 2.02957271531642e-07 1.51433862820875e-07 2.58076062047138e-06
"364" 1.45413138918508e-06 1.15656531087261e-06 3.4147616676781e-07
"365" 2.09264075053862e-06 2.52647310278692e-07 6.55390379330113e-07
"366" 4.80617609525985e-09 2.79024168592219e-07 3.57038136922308e-07
"367" 1.4659703787912e-05 7.6896410923224e-08 7.07302575638205e-07
"368" 7.86355459504253e-07 4.06370204429564e-06 3.3638881866431e-08
"369" 1.3658494253241e-07 1.80215484377543e-06 3.62206756032375e-09
"370" 1.6020327310173e-06 8.63435041447981e-06 1.95619168701913e-06
"371" 4.192143870847e-07 1.88015593733137e-07 2.74577482225783e-07
"372" 2.45181015011304e-08 5.65269711271044e-07 5.71552882547748e-07
"373" 3.63048631235605e-08 4.06270817830663e-07 1.78522584252491e-06
"374" 1.7226859740861e-06 1.86780731322693e-06 3.0846069852988e-07
"375" 1.82679159081349e-06 1.13514741342628e-06 4.99006256599269e-07
"376" 7.0563795087976e-06 4.59909162894302e-07 7.65844488793715e-08
"377" 3.8022317923385e-06 5.00891402819317e-06 7.80830107217302e-06
"378" 1.72744665476938e-05 2.39105940942625e-07 9.47943081073302e-06
"379" 3.04090565111157e-07 1.0820204406981e-06 2.57431148682326e-07
"380" 5.18298017573311e-08 3.63250353055544e-06 1.8546824997173e-07
"381" 3.69655894615782e-06 8.67846684755163e-07 4.90403211397405e-06
"382" 3.96369461996259e-07 9.03192461555123e-06 1.15764941754746e-06
"383" 2.94454759540809e-06 4.64823101712159e-06 1.79378019522998e-07
"384" 6.86206998847944e-07 1.78064459339991e-08 1.37013272947011e-05
"385" 1.62594890128254e-06 3.78291068733152e-06 5.97850460653486e-07
"386" 1.26554375353573e-06 2.98163296540707e-06 1.33611757536764e-07
"387" 3.73939428222292e-07 8.02812699885452e-07 1.0881530464569e-08
"388" 4.40567195690793e-07 2.86060093475409e-07 7.0722887391798e-07
"389" 4.24759276121763e-08 5.38988336811892e-09 1.31745923713444e-05
"390" 2.48163965039161e-07 8.30709490218905e-07 1.77602413221656e-06
"391" 1.94747777883843e-06 5.45379514606933e-07 1.43434746991334e-07
"392" 1.81368336093149e-06 7.36087136486801e-06 2.45985188751303e-06
"393" 1.14885328178116e-05 5.22340818289036e-06 2.38304294581772e-06
"394" 8.68708347557851e-06 1.60380733274556e-07 6.51121565543425e-06
"395" 3.20933081793401e-07 9.43930288111975e-08 2.57149288315944e-07
"396" 1.23391088464834e-05 4.96334213647424e-06 2.40675733350156e-06
"397" 1.35679502450643e-05 3.94888062730841e-06 4.02102682895494e-07
"398" 4.68995423185028e-06 3.54922285165571e-06 9.65193481896914e-07
"399" 2.93056713229419e-07 2.44735587919184e-06 8.11983604044779e-07
"400" 1.4588020988462e-06 2.48876519712128e-06 4.68754389622078e-06
"401" 4.83253216923807e-07 5.46375704224343e-07 9.45402478993949e-08
"402" 3.99867944876468e-06 3.83818927871247e-06 2.33583376451496e-06
"403" 3.04469030621478e-07 1.72158521740103e-06 9.20562107826537e-07
"404" 6.71877081930041e-06 2.75985300889435e-06 1.03656036894306e-05
"405" 6.62449681624225e-06 1.27992274193213e-06 6.03943196022687e-06
"406" 5.43461073373259e-06 7.17237191813131e-06 1.22940511147657e-06
"407" 4.9746622014736e-07 2.22132919299259e-06 1.59392530972023e-05
"408" 2.48440159216552e-05 4.86531845026007e-06 2.32173676315937e-07
"409" 1.42102834679366e-07 1.78093911730961e-07 6.98807821893604e-08
"410" 6.12606248009414e-06 2.31044421519728e-07 3.34492244383435e-06
"411" 4.73323302717004e-06 3.82791212225282e-06 1.09942689350744e-06
"412" 8.33350407534206e-07 2.11501771661829e-06 6.42537188526362e-07
"413" 5.38561851148126e-07 4.96926044131263e-08 3.59028269471016e-06
"414" 4.22626798407311e-06 3.37468338256359e-07 7.44804792949384e-06
"415" 3.52582508785179e-06 1.07248623618371e-06 3.02984259791502e-06
"416" 2.00356284320334e-06 3.47517343096245e-06 6.88203787787487e-07
"417" 3.17107102400549e-06 5.92497571827219e-06 9.32938335563258e-07
"418" 1.72649206878469e-06 4.3789080229781e-09 5.60827376074208e-06
"419" 8.7586590223499e-06 2.24515667657977e-06 9.48100804457668e-07
"420" 1.77160446547349e-06 1.33890992654314e-06 1.48624374848156e-07
"421" 2.33910814338043e-07 2.06021069523552e-06 2.02021774599178e-07
"422" 2.04055065427964e-07 1.04769011111506e-06 1.28604220530699e-05
"423" 3.41301093880352e-06 1.97777011818186e-06 1.0769450237045e-05
"424" 3.61146516730327e-08 3.60202526666379e-07 7.56975803602087e-06
"425" 5.6824854110387e-06 7.17788745004902e-07 1.08581688822812e-06
"426" 1.33796881198814e-06 1.18305855338171e-05 5.37856704946625e-07
"427" 1.42984072448198e-06 8.49546333011359e-06 1.19472255256144e-08
"428" 4.26175161862834e-06 9.12431843433302e-07 5.86292175309606e-07
"429" 2.02935384340253e-07 2.28633967895647e-05 5.65213700478675e-06
"430" 5.33706767087429e-06 5.55621070323444e-08 2.36363445537731e-06
"431" 1.62529751709781e-05 1.65233634742023e-07 1.61817726017533e-07
"432" 6.86190783116708e-06 1.97267732924499e-05 4.75783094853275e-07
"433" 3.74657077590153e-06 6.60239408116865e-06 3.07202554657353e-06
"434" 2.0508257239362e-06 4.69300253349894e-06 2.88712865119526e-06
"435" 3.27523516520652e-07 3.92975174266703e-07 2.34752537667519e-06
"436" 6.63998504764803e-09 2.67124510395455e-06 1.68761438290095e-06
"437" 8.69754274965098e-07 8.4535015368062e-07 1.8606199441094e-06
"438" 3.1409714323008e-06 5.54887356341401e-06 1.05820145124444e-05
"439" 6.7926090034574e-06 2.63553902925436e-06 4.18872033451933e-06
"440" 6.25449269642778e-08 3.35309742450554e-07 7.54735093622532e-06
"441" 1.15201018985299e-06 1.03937151793057e-06 2.48672095431032e-06
"442" 6.99855711976658e-08 8.04605572336454e-07 4.87670805043653e-07
"443" 9.05387252086166e-07 9.9269082382701e-07 6.48652517513533e-06
"444" 1.13607911907947e-05 8.71042694228191e-06 1.33663330862802e-06
"445" 1.37305350866017e-06 2.37260053024031e-06 6.99955610709281e-07
"446" 3.69549479201479e-07 4.80748681596357e-06 2.53674194992285e-05
"447" 5.83031784495551e-06 1.76862416509003e-06 1.86600287538187e-06
"448" 1.12014567394598e-05 8.59949484218324e-06 4.79773276448086e-08
"449" 6.86166421439618e-08 2.56227875072185e-07 2.03506035933568e-05
"450" 1.03668161690916e-07 5.03862447247311e-06 2.16414301167978e-06
"451" 4.58018447764572e-07 4.22412946980074e-07 8.31216356665729e-06
"452" 3.6902902359557e-08 2.96929754066358e-06 5.31402793910252e-06
"453" 1.35491783934786e-06 1.36643741547394e-07 8.49274059654473e-07
"454" 1.07971363252168e-06 8.71436810266077e-08 2.61736913171454e-06
"455" 3.85120979260452e-07 4.34172291666214e-08 4.42184239355767e-06
"456" 1.36145090805901e-06 6.80546627354467e-07 1.12266790672185e-06
"457" 5.906087619833e-07 9.73032812264851e-06 4.44623588890289e-08
"458" 1.56390637166229e-07 1.12590808956418e-07 1.13689799515282e-09
"459" 4.40999945862583e-09 1.68652068359846e-07 2.83135868450492e-08
"460" 1.27448462968776e-07 4.70798547299802e-06 1.23932867967693e-07
"461" 1.23355786561237e-05 3.17543659258003e-06 1.94707629440045e-06
"462" 2.02948405542966e-06 8.15244067369643e-06 1.4203287293798e-06
"463" 4.22159739822602e-06 2.3432230633173e-08 8.62307324294297e-07
"464" 2.21185057733498e-06 1.76106890184317e-06 1.09351322914327e-06
"465" 2.46178627206145e-06 1.73861214488779e-07 1.65317071496612e-07
"466" 2.28124815856549e-06 4.17911617773132e-06 5.40399613993606e-08
"467" 3.87236439487201e-06 6.76425928396945e-07 1.11643358597713e-06
"468" 3.60414181487215e-07 4.10215878882758e-07 1.00751123859296e-06
"469" 5.83120038501451e-06 6.42804147310365e-06 5.49779151246777e-06
"470" 1.78507399438628e-06 2.60199430659698e-06 4.50003884081501e-08
"471" 1.52058495462309e-07 1.27989330511328e-07 6.56756404415457e-07
"472" 3.03115095134884e-08 9.52304407225625e-08 1.82168949355042e-06
"473" 1.22617455206799e-07 1.95098600188885e-07 1.03666450019313e-06
"474" 1.97580464694512e-06 5.50740405985992e-07 5.74035380134871e-07
"475" 4.0175484333336e-07 8.44448648984691e-06 1.06407702737657e-05
"476" 5.50741267397344e-06 6.3482282436648e-07 3.06250030360194e-06
"477" 7.72541505460533e-07 7.94829518977778e-08 5.44215859895433e-07
"478" 7.01701143182733e-07 1.8720413569555e-06 2.29043630327193e-06
"479" 2.44950390258129e-07 2.08922378328258e-07 2.05061998939114e-06
"480" 4.40854151707978e-08 1.71814278736959e-08 1.79715300005554e-06
"481" 3.3223111983704e-06 2.30157597039713e-06 5.03792790158568e-07
"482" 4.11094306843888e-08 1.38332595369638e-06 2.03107608243662e-06
"483" 3.32025560084135e-06 1.26450040455816e-05 6.90458822122213e-06
"484" 1.57420317327841e-06 8.38749177048946e-08 5.96350681084761e-06
"485" 4.90480671677079e-07 1.14893495051548e-05 1.61421764880602e-08
"486" 1.42137025546848e-06 4.04680388806214e-07 1.16075289982203e-06
"487" 2.55877035127983e-08 8.62329414046346e-07 3.72777413684436e-06
"488" 1.0254449750199e-05 5.29082637990548e-07 4.8195102335724e-06
"489" 1.99062448767e-07 5.10314268242891e-06 1.97155434305102e-06
"490" 8.00364846413777e-07 9.07274898431577e-09 1.36198761673897e-06
"491" 1.16752433503274e-06 3.31300092736143e-07 4.01235798983058e-06
"492" 3.37530574578009e-06 3.26677651798424e-06 1.33187464497557e-05
"493" 5.54466423184654e-07 5.74690784762749e-07 6.40248897700519e-06
"494" 1.18999223591159e-05 7.19691508827442e-06 2.75583390718649e-06
"495" 1.26123360564177e-05 1.15668979584146e-05 4.89479329008867e-06
"496" 2.77121887551924e-07 3.28922462104435e-06 1.01055789385913e-05
"497" 2.28533984121951e-07 2.54672455184092e-06 4.52897298753463e-06
"498" 1.10681182480259e-06 2.71638797550547e-06 4.75203620111718e-06
"499" 9.72576504322828e-06 8.1086703358946e-09 7.83982428852779e-07
"500" 2.23535498520679e-06 5.49055637549649e-07 1.00280450009234e-06
"501" 2.11355044670403e-06 5.829771625462e-07 3.88032125717125e-06
"502" 1.1117259769541e-06 2.75339860136686e-06 4.01397787625771e-06
"503" 2.40016230431982e-07 9.75345939037834e-08 3.11790040438191e-06
"504" 4.61238912042497e-06 1.20007642287157e-05 7.8911110064568e-07
"505" 3.12940235829809e-06 2.21401334591438e-07 7.4360117878352e-06
"506" 9.37451923324852e-08 1.32278730310774e-07 8.52138357225222e-08
"507" 7.44853334702712e-09 1.29339120967081e-07 2.19019070626134e-08
"508" 8.13899897391885e-07 3.38467929962156e-06 1.5558773548744e-06
"509" 2.24496278944965e-07 6.60457578504561e-06 2.76573349684344e-07
"510" 4.56287504608946e-06 2.89697606892547e-06 5.88402059995154e-06
"511" 9.13910750122182e-06 1.57920027810721e-06 5.04175227881686e-06
"512" 1.07646311911758e-06 9.60508949449808e-09 7.61728668764177e-07
"513" 7.74882401504508e-07 2.80635613941014e-06 1.10126709158386e-06
"514" 7.78160150275215e-06 5.02587737679719e-06 9.13877807713377e-06
"515" 1.22600822993713e-06 4.71879507187852e-06 1.02048738620705e-06
"516" 4.62294414338929e-06 9.25556823448357e-08 1.24064339099361e-07
"517" 2.95266050475745e-06 1.77547705947687e-06 6.92416090788597e-06
"518" 2.44336668324922e-07 3.88108876807362e-06 2.09431105801249e-07
"519" 3.02037430743249e-06 4.5210216779047e-06 2.08433551936485e-08
"520" 5.92260442887318e-06 4.49171451204642e-06 7.86894343377952e-07
"521" 8.53076896384664e-06 1.60512967056253e-06 1.44303734901009e-06
"522" 1.51154790186226e-06 4.33414449380322e-06 1.83091334707084e-06
"523" 1.52346884477063e-07 3.98006465740206e-06 1.62925396128661e-08
"524" 4.84608151666687e-07 6.35400260191969e-06 3.53651547695634e-06
"525" 2.79739203525632e-06 1.2403762849647e-06 3.65346333703866e-06
"526" 3.61539233085288e-06 2.71259298196956e-07 1.54411710640316e-06
"527" 4.89844039026973e-08 2.76466274791994e-07 7.77577541553428e-07
"528" 4.28443937191684e-08 8.45450957023402e-06 1.72219691752382e-06
"529" 2.63141916858483e-07 2.31769049836568e-07 4.06415548100474e-07
"530" 3.75474434667903e-07 3.93607629441666e-07 3.93947819556591e-06
"531" 7.28035202210623e-06 2.6459834690033e-07 1.74592581043865e-05
"532" 9.48210940525741e-06 7.37729263685493e-06 2.46236294183391e-07
"533" 3.4935236458171e-07 2.43562955367026e-06 5.98632723083189e-07
"534" 1.2299568478051e-06 1.5077344162176e-07 1.58266353980119e-06
"535" 2.29607134861326e-06 7.37415740805281e-09 3.08174422292686e-07
"536" 3.71643187604646e-07 2.08341021071778e-07 5.32146897021746e-09
"537" 1.05440397626931e-06 6.6749139356183e-06 3.39694302123078e-07
"538" 1.15776323349489e-06 2.49682188790292e-06 3.20468840743337e-06
"539" 3.59498335557897e-05 1.5267637921051e-06 1.31347050647196e-06
"540" 3.91948921589087e-06 7.71264311714243e-07 3.21917020114676e-07
"541" 8.76048882991466e-07 9.54893176622291e-07 4.61173986307113e-06
"542" 2.91494187912195e-06 1.1809191181143e-06 1.03790661064615e-06
"543" 3.47371172579928e-07 2.92186170519599e-06 1.01675576792068e-05
"544" 8.70802677388885e-07 7.97448453495031e-07 6.49829922629238e-06
"545" 5.90664285730315e-07 2.97864504106493e-06 3.16817620665366e-09
"546" 2.58790996597677e-07 5.46875802108163e-07 2.57065720486637e-06
"547" 3.35250011047508e-06 2.77331197822412e-06 3.04653234643685e-06
"548" 4.00386327644088e-06 4.10263956472897e-06 3.29467961954006e-07
"549" 4.10520768584871e-06 2.46195835806335e-06 1.08688667498049e-05
"550" 8.10634978426589e-08 1.65142767760126e-07 5.43058982390409e-07
"551" 2.1967854512374e-06 1.59039230954965e-07 7.13828932933386e-08
"552" 2.86238898860366e-06 5.53736280794908e-06 1.78241885252679e-06
"553" 1.91619082621239e-08 4.92953951499394e-07 3.15420745237299e-06
"554" 8.33135072409468e-07 6.21131643017304e-08 2.55262616686471e-06
"555" 1.79424495982376e-06 6.82801081467044e-06 2.70041469685253e-06
"556" 1.7852739678025e-07 2.26398504712746e-06 6.66588681672932e-07
"557" 1.02350769061672e-07 3.40916129271262e-07 7.30510502480626e-07
"558" 1.73749174591043e-07 3.18179905681653e-06 2.12822833815339e-06
"559" 3.41210742892185e-07 2.72327431396015e-06 8.06714030999248e-07
"560" 2.65360966700159e-07 3.35604799964243e-06 7.67590942104058e-07
"561" 1.41490281711957e-05 1.71584626163108e-06 1.45606310281719e-05
"562" 5.79964812591529e-06 2.27340976416434e-06 7.89266634829327e-07
"563" 2.05968203576176e-09 1.74735979623301e-10 1.15544481759297e-06
"564" 1.02398401962815e-05 4.55869899723962e-07 3.96463228799674e-08
"565" 1.94372942143559e-07 6.69607933920251e-08 1.46604735203845e-06
"566" 4.41172330554161e-06 4.04414414278558e-07 1.06105591312667e-07
"567" 6.87144639797603e-07 1.73031796895507e-06 1.38065543731316e-07
"568" 6.6026505842866e-07 4.75760441124004e-07 8.18472684232728e-06
"569" 3.86274285703789e-07 4.70943244439034e-06 7.83207982672169e-06
"570" 9.16724247089712e-07 3.20999687315485e-06 1.53163238266885e-06
"571" 2.21841297315898e-06 5.66670542655209e-06 1.18741251102388e-05
"572" 1.12318950545231e-07 1.20059316953994e-07 2.74330352596299e-05
"573" 5.9959783056174e-08 2.62940716367822e-09 5.54191459386724e-07
"574" 1.29390777668103e-06 1.93129028850825e-06 6.91350503036357e-07
"575" 2.8266526545667e-06 7.19323034977204e-07 3.87954277069602e-06
"576" 4.25939980252792e-06 4.0528394294989e-07 2.24293191984507e-07
"577" 7.29880245585064e-07 8.6400529130633e-07 1.8940467630195e-06
"578" 2.91296806926376e-06 2.7042083713614e-06 4.06571708503793e-06
"579" 4.60592693674023e-07 8.03945822302515e-06 1.72937082995348e-08
"580" 1.46324196089165e-06 9.42640358917412e-07 6.31214406745933e-06
"581" 2.18947155287256e-10 2.50470697695223e-06 5.36567628888336e-08
"582" 7.22253596765909e-06 1.64915456423621e-06 7.26776704287396e-07
"583" 1.99055034771764e-06 8.44419228134651e-06 2.08371560730454e-07
"584" 7.30226876272508e-07 1.86031619826681e-07 2.64939648391896e-09
"585" 2.67436798033944e-06 1.97928823794022e-05 1.42804464723901e-06
"586" 5.1784346830182e-07 3.52391046347086e-07 4.00705722963992e-07
"587" 1.42305418678515e-06 2.41665683810411e-06 1.42345779068442e-06
"588" 1.13627723119647e-07 6.98298819764834e-08 4.8080911679224e-07
"589" 4.28836815594082e-07 1.22918516749584e-06 9.60780441293231e-08
"590" 1.89086758455772e-07 1.61122099686469e-06 3.74929508552031e-06
"591" 1.68209985877776e-07 2.5949795122901e-06 3.77066705102721e-08
"592" 2.24067748158056e-06 4.7062892119578e-07 2.84894416208519e-06
"593" 1.15380490195065e-06 1.44849704464047e-06 4.82485838936725e-06
"594" 1.27390262390788e-09 8.32818498544219e-07 3.48152463423472e-07
"595" 1.84365738985376e-07 5.46538617566612e-06 3.47714166977773e-06
"596" 8.64819711883031e-08 4.03143431823186e-06 5.01015555509799e-06
"597" 1.91973032554175e-06 2.64815826909235e-06 1.25639225533065e-08
"598" 4.3699176336773e-06 2.28976631626914e-06 1.53170285683112e-06
"599" 1.33065015462662e-06 7.00763577165697e-07 1.00402957168331e-05
"600" 3.10906835706249e-07 3.3228602585486e-07 3.64531378734317e-07
"601" 4.44715435180966e-07 7.92880474292832e-07 1.21852489806096e-05
"602" 4.70425629167376e-07 9.86119611032982e-07 3.46084303425566e-08
"603" 1.89835352603758e-08 3.60677241767592e-06 1.88924110102825e-07
"604" 6.56527813893515e-07 3.7680560409743e-06 4.55415583727911e-08
"605" 4.28053981835576e-07 5.34332193527542e-08 2.3430104823377e-07
"606" 1.13208781305502e-05 9.89909910221993e-08 7.41859406208651e-07
"607" 2.29085624126278e-08 1.03379786784762e-06 2.36322875238415e-06
"608" 1.69859084448089e-06 4.28983588252562e-07 1.96389900963789e-06
"609" 3.78172402477345e-06 2.41445094329298e-06 1.89033959412994e-06
"610" 1.22088122225725e-06 5.16809004998412e-08 5.05339262267168e-06
"611" 6.92409457262741e-07 8.4670041602487e-08 1.19592183814569e-05
"612" 9.65243756686703e-08 3.17134273176676e-06 6.73560323115762e-08
"613" 5.00921701291397e-06 3.58966401940805e-06 7.58291576571875e-09
"614" 1.04755936859323e-07 3.72495038344212e-07 7.54989890829676e-08
"615" 3.13921245060182e-08 2.62196627688175e-06 2.20535491179456e-06
"616" 9.88817969697623e-08 1.64997689824545e-07 2.07530304880709e-08
"617" 2.97731175171294e-06 8.42179602342689e-07 5.1903100475722e-06
"618" 1.73498040389788e-06 8.98923387911928e-06 1.37957659715247e-06
"619" 4.02474814341158e-06 1.03522386192724e-06 7.36105007834266e-07
"620" 1.21083130133803e-05 2.95156389744268e-06 1.37352475835579e-07
"621" 8.58285626201702e-07 5.57080261610293e-09 2.68938642911348e-06
"622" 1.1558067384006e-06 7.68622656860406e-07 1.96666523914196e-06
"623" 1.24761145052601e-06 1.1453473445423e-07 7.1503549189434e-06
"624" 1.2387357090678e-05 1.777974339288e-06 2.60863277676102e-06
"625" 8.99560558820919e-07 2.15154694884766e-07 1.87770525283827e-07
"626" 2.93699024662976e-06 2.78874635688527e-07 1.06765985072091e-06
"627" 5.98233539448105e-08 1.91726134671259e-08 6.73021053625411e-07
"628" 1.21582642200293e-07 6.49605187890054e-07 5.3793144704233e-07
"629" 1.09465627691347e-06 3.11432218231255e-06 9.5587648327069e-06
"630" 1.122180176362e-08 4.32799859373466e-07 3.58453344213005e-06
"631" 4.2889851350351e-07 4.80440526185757e-06 1.07779225682808e-08
"632" 6.63992949853073e-08 1.89588389577848e-05 1.49388323050311e-06
"633" 7.04513274793532e-09 9.48267806323987e-07 1.21857718940072e-06
"634" 1.89831621689081e-08 5.90431090852462e-07 6.76097455008471e-06
"635" 1.16177776002744e-07 4.20374542827739e-07 2.95718367916333e-06
"636" 8.86871653693807e-08 8.60763351813244e-06 3.56777775069174e-08
"637" 5.95611980507841e-07 1.21971102353973e-07 2.89615120596373e-06
"638" 1.32928221027188e-05 2.51965658108902e-06 1.20295554996412e-06
"639" 5.49991012750422e-07 4.53455192692578e-06 5.83090517371071e-06
"640" 1.00743116553937e-06 1.98519690829489e-07 8.92641657213814e-06
"641" 8.22565058238673e-08 4.58661059208037e-07 3.01940812132232e-06
"642" 8.62009928256642e-07 4.44711326803672e-06 2.27520342448352e-06
"643" 2.49523115104404e-06 2.25072773009084e-06 2.07032238202036e-06
"644" 8.94818647319604e-08 2.99907138117944e-08 1.32622969129693e-05
"645" 1.46151734453082e-08 8.21179554499259e-07 1.77061269554494e-08
"646" 7.41077562952465e-07 3.74102838339262e-06 5.81538003761139e-06
"647" 3.191429850583e-06 1.09179203948448e-06 1.14562580520887e-06
"648" 8.48271381272114e-07 9.45425435958477e-07 1.13456280920628e-06
"649" 2.36878066140692e-06 2.24395634751995e-06 2.91180513907621e-06
"650" 1.81975360018654e-06 6.006225380706e-08 2.43753086399003e-06
"651" 9.71434058936265e-07 2.70958970416722e-07 7.95970317215776e-06
"652" 4.31748824876947e-08 3.01377323697224e-07 3.23455169344689e-08
"653" 7.77661429151696e-06 1.10397545399634e-07 1.8773988471582e-06
"654" 7.20651045777651e-07 6.5991266325617e-07 7.15513806672159e-07
"655" 4.11919084340925e-06 8.3002053023654e-06 1.13850755329861e-06
"656" 2.07852124927455e-06 2.6187999170373e-06 1.69991321539119e-06
"657" 3.18262358115616e-06 3.80389692796767e-06 5.32511675939286e-06
"658" 1.59028362100827e-06 1.16776089248138e-07 2.73009472148732e-06
"659" 1.34966097389546e-06 6.46088082131194e-08 5.61555901373701e-06
"660" 2.5688069398558e-07 7.63215999589991e-07 9.43931511319497e-06
"661" 1.57108749265131e-07 1.90314557263968e-07 3.90687374293856e-07
"662" 8.68439368344532e-07 9.03151947624609e-07 5.93383746006502e-06
"663" 1.76342393217167e-08 1.17108853481585e-06 1.89659887760317e-07
"664" 2.80980346283612e-06 2.75584604306489e-06 1.88121734534521e-08
"665" 1.01827837844828e-07 1.87265683088818e-07 3.11803660923595e-06
"666" 5.59737268800794e-06 5.64136567006619e-06 9.56449478795545e-06
"667" 1.34136760346641e-06 6.78247779835357e-07 2.72008899531538e-06
"668" 1.56830834448347e-08 7.2863097132503e-07 6.43118255237982e-06
"669" 5.5234381953848e-08 7.65484296199159e-06 1.22074453883928e-07
"670" 3.32814200599141e-07 1.01277261532592e-07 3.55644009945745e-06
"671" 3.14486548307507e-06 2.3598895686068e-06 1.07991419406034e-05
"672" 4.9846553127716e-06 1.62011154343311e-06 4.31979297191931e-06
"673" 3.40830426766779e-06 2.86835892440628e-07 8.84931984257213e-07
"674" 1.55543431515965e-06 7.32154745357952e-07 1.60303660751707e-06
"675" 5.69467940703445e-07 1.11721138716915e-06 9.05940666261049e-07
"676" 1.65423186452343e-06 2.19104226568857e-08 7.48774203448808e-07
"677" 2.6360173999634e-07 3.52828783986187e-08 1.12063157301338e-06
"678" 1.8319426891521e-05 6.45785310113024e-07 8.44780041652023e-06
"679" 2.5553327710091e-06 4.37238957612175e-07 4.78525002506986e-06
"680" 2.97238117842602e-07 4.61609929646953e-08 1.2423839400808e-06
"681" 2.04245295210404e-07 3.1821841137193e-08 7.96878044118041e-07
"682" 1.39047225516391e-07 6.81205482009563e-06 2.82483481690632e-08
"683" 5.13608304219804e-06 1.89560813973812e-08 5.89222567209908e-06
"684" 2.82801376929835e-08 3.18465199319914e-07 1.01030361258719e-06
"685" 3.25905680593054e-07 2.38080769092344e-06 4.58845137598239e-07
"686" 4.43518175105021e-08 7.37339403258929e-06 2.29773900896521e-06
"687" 2.3567667912507e-07 7.90098144038788e-08 7.94975231487485e-10
"688" 3.06552029797506e-06 3.94726368355855e-06 1.38429846915145e-06
"689" 2.34646385535977e-06 1.35537614141886e-06 3.17582107364394e-06
"690" 2.99159542645544e-08 8.12282294972397e-07 7.12746081027224e-06
"691" 1.58105793493425e-06 9.49952652570472e-07 6.10117967232051e-07
"692" 1.26256319932788e-06 2.47312640769565e-06 4.32976599168262e-06
"693" 9.42388730723662e-07 2.07601570834227e-07 4.55979573109264e-06
"694" 2.93208233437448e-06 8.34529798600346e-07 6.75978312979166e-07
"695" 1.90847634137342e-06 9.30416538238611e-07 5.71770290565101e-07
"696" 7.34966859451444e-07 4.19917995097374e-07 7.42235156944886e-06
"697" 4.43158744103475e-07 2.41937915932927e-06 3.85419657313695e-06
"698" 2.08167936967364e-06 3.20361900016417e-06 1.17574541889756e-06
"699" 1.31809053673288e-05 1.75265718621319e-05 7.49033486555944e-06
"700" 3.83707848139604e-06 2.35405443600041e-06 1.08262445598732e-06
"701" 2.35778371692941e-06 3.31324384385662e-06 6.74550698249404e-07
"702" 1.40651150469575e-06 7.9182270693129e-07 9.08649319014487e-06
"703" 3.5181817619062e-06 3.30197527410103e-07 2.16994903339934e-06
"704" 1.50642415700228e-06 1.04772338861103e-06 6.33208200064738e-07
"705" 1.09415249869585e-06 6.757903797482e-08 7.95004173160813e-07
"706" 2.177615019935e-06 2.53169268978548e-09 8.49880964587387e-06
"707" 2.01214249271946e-05 2.01725085800744e-06 9.69100964275085e-09
"708" 4.38861527269224e-07 1.17585573190646e-06 7.96976145361053e-06
"709" 4.32151944664008e-07 1.0514138693988e-06 6.44022767241909e-07
"710" 3.28771197413277e-07 3.72770154876635e-06 7.91440241010036e-07
"711" 3.41567052869421e-07 4.85648306411711e-06 3.63078499419066e-06
"712" 1.58392101754797e-06 2.0880226442494e-07 1.40757959591634e-06
"713" 9.40871359847122e-07 1.85862727557806e-07 1.24707352872084e-06
"714" 4.97522261184035e-07 1.31795449785899e-05 5.7261082414786e-08
"715" 2.00185380741695e-06 3.78360385208809e-06 1.67189751007128e-06
"716" 9.28202380846098e-08 2.17994405497677e-08 4.66215103793896e-07
"717" 5.54484848311681e-08 3.0105756803114e-07 1.30550983741313e-09
"718" 2.94709850226045e-07 6.57719088075956e-07 8.68709025528044e-06
"719" 2.53732363107939e-06 6.22024605120587e-09 3.28527068000026e-06
"720" 3.25778740267271e-06 4.47283999379361e-07 3.14522673775255e-06
"721" 5.09620080300205e-07 2.62622399139933e-08 6.36974789528602e-07
"722" 1.14049591365212e-06 1.00535836365378e-08 2.14471211823673e-07
"723" 1.75899451689433e-07 1.07074169783322e-06 2.31419921347199e-06
"724" 1.39142603547372e-06 3.99843376343868e-06 7.81708138177301e-08
"725" 1.60723904483964e-06 1.12808257681473e-06 9.84965698269523e-07
"726" 1.4018664678162e-06 2.63188713176719e-06 1.66980752383087e-06
"727" 4.16229790632509e-06 4.69506607394734e-07 4.97272781629593e-06
"728" 8.93581516211915e-07 3.76931241012286e-06 1.47093760985565e-07
"729" 3.78086422912875e-06 9.31293849067283e-06 6.22931416023499e-06
"730" 4.01279882572325e-06 6.96559841831217e-07 3.45350919201627e-06
"731" 2.15839319664913e-06 3.91359113424194e-06 1.43837061032606e-05
"732" 4.17494293010105e-07 3.64250629406466e-06 1.4075462535267e-07
"733" 2.19596342629254e-06 2.57523603468319e-06 7.44938028079856e-08
"734" 9.03270296067537e-06 1.85824867843781e-06 3.80354853583592e-06
"735" 1.44650958096258e-06 3.0293474270982e-07 3.76730790749281e-07
"736" 7.85044789071529e-06 6.02324305655396e-07 4.51511668568336e-07
"737" 3.33947457440072e-07 4.34541179719532e-07 5.37116511328159e-07
"738" 5.55543654064672e-07 1.16116659073435e-06 4.7701702340084e-06
"739" 2.11887838168477e-06 8.47571541782156e-06 1.35106451105338e-07
"740" 4.65509009553552e-06 1.95198147665751e-06 3.16217886093665e-07
"741" 1.88681637569808e-07 8.42702585212568e-07 1.19462989871672e-07
"742" 8.17758838784894e-07 8.25077289612016e-07 1.08579330050117e-06
"743" 7.24018863898355e-06 2.25865854090137e-06 4.70760959732079e-06
"744" 5.39893865148821e-07 1.18874820014123e-07 9.25365655772244e-07
"745" 1.11796792569213e-07 1.7171669052844e-07 1.16937709130691e-07
"746" 1.27280071631835e-07 3.25304887015988e-07 5.82846530339478e-07
"747" 1.86412357639276e-07 3.16691899531348e-06 3.61891582310708e-06
"748" 1.94608573736489e-06 1.26958196390791e-06 5.79645114874291e-06
"749" 8.66509814116762e-07 2.14495459485642e-06 2.96192093050718e-05
"750" 5.41411739335555e-06 3.66533577483897e-07 1.60836374200806e-08
"751" 4.54776133415517e-09 1.27675461037541e-06 1.57188850207527e-06
"752" 9.94093615417752e-07 6.70672235963471e-08 2.36413136569698e-07
"753" 4.61687002048825e-06 1.69093814574622e-06 2.02445585413131e-08
"754" 9.38168646894344e-06 9.65822116633059e-06 4.25921478967125e-07
"755" 1.14471338015672e-06 1.61211182634666e-06 3.10706073149867e-07
"756" 4.95648833403819e-08 9.146893783816e-08 5.99955304432131e-06
"757" 1.70528665104527e-06 1.69932397770893e-06 1.62620330101442e-08
"758" 2.88163570426549e-09 3.63357029253714e-07 4.07058869677746e-07
"759" 2.67055358395409e-07 4.10124335096566e-08 1.07900086763716e-05
"760" 9.58723153195702e-06 3.0658567729647e-05 6.98894308309793e-07
"761" 5.38472314170282e-07 5.38710860233787e-07 5.02387081731981e-06
"762" 1.84310142637606e-06 5.98798828605833e-07 2.06341604806251e-06
"763" 1.85244219370139e-07 4.68479656072317e-06 4.710863072806e-07
"764" 7.31742075231248e-07 1.38266326984431e-05 1.94683607065355e-07
"765" 3.23947878030335e-06 5.27575467959571e-07 1.68552853589209e-07
"766" 1.64107574417459e-06 5.15714412327214e-06 1.38761833450728e-06
"767" 1.17432639162975e-05 2.30742317668551e-05 1.68930228888248e-06
"768" 7.81323373761954e-07 1.3459355268161e-05 1.70605991573028e-06
"769" 1.11159818198319e-07 1.64995509474767e-06 1.07337645043574e-05
"770" 1.38302132622162e-07 1.71093688377166e-06 2.31769094128999e-06
"771" 1.79333389070069e-07 1.6338354371336e-08 2.27977083634211e-06
"772" 2.88345132701478e-06 3.27158365365714e-08 2.88363377492754e-06
"773" 3.15407633235101e-06 8.56180936980914e-07 2.36881084633929e-07
"774" 1.81152990860563e-06 4.64825241862636e-07 7.21549249776828e-06
"775" 1.07498364155209e-05 1.44973172848988e-07 1.10428043448182e-05
"776" 5.31319261389383e-07 2.21238546118464e-06 4.5689057077355e-06
"777" 4.79031608936522e-06 6.92345988177456e-08 5.82311891577584e-08
"778" 5.15965348215992e-06 3.84650881781044e-06 9.52411501983253e-06
"779" 5.5059243576515e-06 4.5410273605211e-06 1.7656808680687e-07
"780" 4.9333532535986e-06 1.55898294588364e-06 2.38224636812249e-07
"781" 1.07689449290581e-07 3.54948492049423e-09 4.40626455768905e-06
"782" 1.73924515675205e-07 4.74976057836008e-07 5.27909562727815e-07
"783" 2.69499178861518e-07 2.17415604569755e-06 1.11970342313149e-05
"784" 1.89457268978811e-06 9.61136896451007e-07 7.42954724619472e-06
"785" 1.13263209139153e-06 1.0719360850349e-06 5.69380338236539e-07
"786" 1.0330947275552e-07 4.33975240689957e-07 6.8224216443878e-07
"787" 2.67402310152637e-06 4.99815299104798e-06 1.68380264800197e-06
"788" 1.74390174265668e-07 1.83137284737535e-07 1.84526902565048e-08
"789" 2.15477069588261e-08 6.77557329823482e-06 4.77145077546685e-06
"790" 3.07963926977406e-09 1.51905763517016e-07 2.03639741374496e-07
"791" 1.79772263933288e-07 1.65352917767759e-07 7.8542386253234e-07
"792" 2.80452141534539e-08 4.11348438302128e-08 3.58436957006453e-06
"793" 1.06923118580539e-06 7.16516467086642e-06 3.46707394866713e-08
"794" 1.80898865259477e-06 2.62717063561814e-08 6.8338248371002e-10
"795" 4.88009590765285e-06 8.34615363218935e-07 2.35791439911476e-09
"796" 3.50771038250848e-06 1.57061659814798e-06 1.53827102728491e-06
"797" 2.19489038663525e-07 8.79445114151887e-07 2.63696258070122e-07
"798" 8.59276488290483e-08 3.10847327089201e-06 6.98490091770122e-07
"799" 2.00982444645136e-07 2.61582391668763e-06 2.58313367498148e-08
"800" 1.59566072242786e-06 7.17541493758131e-06 3.90574872453547e-07
"801" 2.92132843974075e-07 1.77947650655582e-06 1.56142102590698e-05
"802" 8.70362764382233e-08 1.82026423467589e-06 4.39537375766972e-06
"803" 1.4792664008043e-05 1.0320045905625e-06 6.88683240834316e-06
"804" 9.08948154383329e-07 2.52067489459194e-08 3.33797490318582e-05
"805" 1.74667266293969e-06 1.45300069207402e-06 5.29858919588826e-06
"806" 3.48625671227071e-07 3.04966233515556e-06 6.49293565012907e-06
"807" 3.57017325533571e-06 1.55031882546427e-06 1.044653320982e-06
"808" 5.12720957519416e-07 4.23310123785346e-07 1.27533548253856e-06
"809" 7.53849985339124e-07 8.20534481343035e-07 9.94296787438914e-07
"810" 5.91895279923835e-07 6.18139808755926e-07 6.38459258169082e-07
"811" 2.05456568429078e-07 1.65841520881739e-07 3.89129016557367e-06
"812" 6.32092887429414e-08 7.16508824477617e-07 4.16886814195574e-07
"813" 3.89166743749649e-06 5.93269631314009e-06 5.06090554337085e-06
"814" 2.85250500842356e-06 6.98941221547655e-08 3.42279712207843e-06
"815" 4.444721684671e-09 2.1059037276562e-06 3.14609925433484e-06
"816" 6.36141281511206e-06 2.6513604672987e-06 1.44780978790491e-06
"817" 1.38874683420393e-07 9.54349988264722e-07 2.12291375803131e-06
"818" 9.60835271421531e-07 9.56475813431627e-07 6.40738043681548e-06
"819" 1.03759587080536e-07 1.81897150200483e-07 3.03960917514809e-06
"820" 2.27213310108683e-06 6.78950686811426e-07 1.27377103331567e-07
"821" 4.33287602354194e-07 1.01776425341421e-06 8.04742046459955e-08
"822" 2.71225384118619e-06 1.15730958941946e-07 4.12460969120052e-06
"823" 4.91479293221377e-07 1.47280770678226e-06 4.80075782767304e-06
"824" 6.63860272803963e-06 1.50308102702281e-07 2.53786922542043e-06
"825" 6.01611700343702e-06 5.82908825873267e-06 6.01312918589704e-06
"826" 5.41815835714669e-06 4.88027602365951e-06 5.7468166628526e-06
"827" 2.80984642694075e-06 2.47768952121559e-07 5.39857574606728e-06
"828" 1.5560810203924e-06 3.70749529816261e-06 4.82093964083081e-06
"829" 6.66382731316806e-07 9.35279012057634e-07 3.35243009181034e-06
"830" 3.00154079712506e-07 2.56340343281475e-06 4.63902881177969e-06
"831" 1.84943763239665e-06 1.25831243947625e-06 2.67338014687507e-08
"832" 3.92530166853286e-06 1.95908847462776e-06 3.27813301520907e-07
"833" 2.10232048312652e-06 4.78477814853439e-07 2.02110801263254e-06
"834" 6.11729636446902e-07 6.04766609843365e-06 5.42699427317708e-07
"835" 8.01872671365284e-07 9.34801892409001e-07 2.16796738616858e-06
"836" 3.70249609409587e-06 1.24190738713106e-05 5.44018802764556e-06
"837" 5.47679232235385e-06 1.83405578125023e-07 4.25701385335619e-06
"838" 2.75266092470876e-06 2.09491876465833e-06 4.16700393894012e-07
"839" 1.46208223553801e-06 1.54224868455991e-06 1.62205856526219e-06
"840" 3.10136019654977e-06 4.99124081143366e-07 3.16894893935136e-06
"841" 2.96096491906289e-07 2.25001700645712e-06 4.75665650576372e-07
"842" 1.13404822400335e-08 8.40352693990979e-07 4.93117826315877e-07
"843" 6.91651905447311e-06 3.92899116970383e-07 1.35108751988331e-06
"844" 4.27250520396654e-06 2.42685939136731e-06 6.39163911611526e-06
"845" 5.75430834385149e-08 6.33249957739587e-06 4.68602175394582e-08
"846" 4.73398714603409e-07 4.38712988241321e-07 1.17585921689334e-06
"847" 2.16621296795412e-06 2.21580834613089e-06 6.86097536958465e-06
"848" 3.34926648586223e-06 2.85624489151706e-06 7.02226191460098e-06
"849" 2.50705045424549e-06 3.56024075311012e-06 2.3367597318559e-06
"850" 2.75871164095786e-06 6.36283663360095e-07 7.87150784443054e-06
"851" 5.670569294919e-08 2.96003034604383e-07 2.36626980702406e-06
"852" 2.31994964749909e-07 2.5991211320612e-07 1.3581757617657e-05
"853" 1.21255052851298e-06 1.38592676377966e-06 6.6328930317689e-06
"854" 4.50224367845335e-06 2.83907591171876e-06 4.47665183076573e-07
"855" 6.22077509223508e-06 7.01936265017715e-06 2.92981544317694e-06
"856" 3.26564872383719e-06 4.18344938853738e-07 4.04919548654874e-07
"857" 1.09445337147271e-09 1.29168508641874e-07 5.17854183079544e-08
"858" 9.88777322133592e-07 4.51469793889172e-07 2.99470510712448e-06
"859" 1.25572054184749e-07 9.61285004664283e-07 8.24614022640467e-07
"860" 1.53078288485079e-06 2.36644248364419e-07 2.33782963337569e-06
"861" 1.95202453741972e-06 1.4310111501546e-07 2.73160218711571e-07
"862" 1.13498098062115e-06 1.46897616301312e-06 3.08275753197755e-06
"863" 7.67766504980753e-09 1.84490690643368e-07 7.45665241913431e-07
"864" 5.21181676327361e-07 1.61465226058644e-06 4.5116356202005e-06
"865" 4.52598756784727e-06 2.77291513014193e-06 7.41178747217982e-07
"866" 1.87118895537815e-07 4.93203553766082e-06 1.9242398134888e-07
"867" 6.16539323354499e-06 5.64597731508305e-06 6.51153932653711e-06
"868" 4.18436087178489e-06 1.36261910676053e-06 1.74543055912641e-06
"869" 3.96913386882311e-06 9.48746678096738e-07 8.76351889499389e-07
"870" 1.28823064448586e-07 1.79349589777138e-08 3.11116818742952e-06
"871" 4.04646505193009e-08 9.00474916649415e-09 2.82052244131521e-07
"872" 9.84146291530024e-09 1.98535552172422e-06 2.24305880771576e-06
"873" 4.90024492174477e-06 1.54547521936203e-07 5.85510174916073e-06
"874" 6.60360500007135e-06 7.32404364483625e-09 2.53890176301767e-08
"875" 1.10584275420718e-05 3.21235193024252e-07 3.62826173609729e-07
"876" 2.88002797810293e-06 6.73934124365262e-07 8.33136949307221e-07
"877" 6.18225072374578e-06 9.23396349146129e-06 1.13527082156196e-08
"878" 4.9391577262152e-07 3.21641711996094e-07 4.28567978027015e-06
"879" 1.0149308478898e-06 2.60865685851741e-07 3.29056550672113e-06
"880" 7.94878559242766e-07 2.13497112667632e-07 2.06087090505867e-06
"881" 3.82102453731178e-07 8.78270472439407e-06 1.22381049293315e-06
"882" 2.83648632784547e-07 4.96177062748106e-07 3.97183527099886e-07
"883" 1.02392261117132e-08 4.979623571646e-08 5.5767284310607e-07
"884" 1.04290037655272e-06 5.63996506054858e-06 6.78792500971506e-06
"885" 1.80582139620517e-06 3.93300965118516e-06 1.07001183087073e-06
"886" 4.66416618306498e-06 6.96869233581065e-08 1.50935673044116e-06
"887" 1.34558850157468e-05 8.49814887916271e-07 4.49570973323402e-06
"888" 3.37469100433021e-06 1.05049923232625e-06 1.96166337342277e-06
"889" 3.57156635261724e-06 5.88543558973067e-06 7.51144321087497e-06
"890" 2.68473437017017e-07 6.26200990638143e-07 2.82367227070829e-05
"891" 1.90256779162129e-06 1.48223624213342e-06 8.74130842186486e-11
"892" 2.88863795339257e-06 9.39706739352477e-06 6.48118273603789e-06
"893" 3.17267859197526e-06 1.17476065609881e-05 7.97608443559705e-07
"894" 1.87664939564032e-06 9.5328004473248e-07 2.48292544122842e-07
"895" 2.52992309503589e-06 1.64348117123971e-05 6.73625289025909e-06
"896" 6.36619788123541e-07 5.95987605622128e-07 7.55847545495504e-07
"897" 1.33115910419978e-06 9.83529782985867e-07 4.73056136883683e-07
"898" 7.06665544931352e-06 2.22560338717685e-06 5.19747766126783e-07
"899" 1.54911824337276e-06 6.18403034321563e-07 7.15656567686682e-07
"900" 4.2323112761295e-06 3.43470308662733e-07 2.50289551099355e-07
"901" 7.33958409542977e-06 5.20700962705093e-06 1.96501627880575e-09
"902" 1.3769307115981e-05 4.15459014064631e-07 8.08309080645275e-07
"903" 1.65352094258944e-06 5.51953269668161e-06 6.66443752042375e-06
"904" 2.48824574954675e-06 1.18616922727115e-06 3.23327154438698e-06
"905" 2.10625165238391e-06 1.20871016268518e-06 3.60307748924491e-06
"906" 3.56831676128291e-08 4.52420166070779e-06 7.62175127171886e-07
"907" 7.40660059594099e-07 1.43863030594028e-07 3.87015550300189e-06
"908" 9.75565292210323e-07 1.24073941819673e-07 1.339823975187e-05
"909" 1.52769774237044e-06 2.26457584916653e-06 1.39529949690182e-07
"910" 4.8160406767022e-06 2.10401482055139e-07 3.37506242533488e-09
"911" 9.17801094491046e-07 1.68965785788274e-06 3.31227077560829e-06
"912" 1.8926028713731e-06 5.53451450550663e-08 1.67059383192854e-06
"913" 1.76101837666962e-06 1.60469501905316e-07 1.42211597264735e-08
"914" 7.04534811152861e-06 7.57521307941806e-06 3.41832024290244e-06
"915" 5.08726972782406e-07 1.5335290827749e-06 3.14610334599808e-06
"916" 7.90460522886823e-07 5.80385062160377e-07 6.93515728378307e-08
"917" 2.44837523117461e-06 3.5557891818968e-06 1.18616060301914e-06
"918" 9.43853973192251e-06 1.02579793300725e-05 4.59030672637861e-06
"919" 8.05535925802801e-07 1.31018305918837e-06 1.10523307776245e-06
"920" 5.91072094996157e-07 7.54935810541986e-07 9.99160391866715e-08
"921" 2.90013686308409e-06 2.41662746705396e-08 4.56051114007774e-07
"922" 7.59485594198844e-06 1.58904183470174e-05 1.42334405051554e-06
"923" 6.34539287894368e-07 3.40797253358568e-07 1.28928870041174e-07
"924" 8.01957775522064e-08 1.01645491481963e-06 2.65858913726395e-06
"925" 6.09116068064518e-06 1.21359667841927e-07 4.62905812252229e-06
"926" 1.33557908871102e-06 7.47957258108696e-07 2.55583932789517e-06
"927" 3.1887825072161e-06 1.08329059529522e-06 4.86406206206852e-07
"928" 2.27801851833691e-06 1.50074464877083e-06 4.90362666608118e-07
"929" 4.65177533770345e-07 1.47752484017027e-06 7.96242083408811e-06
"930" 7.554509934078e-08 6.66609496747441e-07 5.04046879858329e-06
"931" 7.61300558479021e-06 1.43633391638893e-05 4.62398553221389e-07
"932" 1.38258988250324e-06 6.89515237894327e-07 4.84070163010953e-06
"933" 6.38018641075483e-08 7.4553382162565e-07 2.85471937406532e-06
"934" 5.01835878380377e-06 1.38471775910437e-05 2.58430389494604e-06
"935" 3.69956701911426e-06 1.33011313544883e-06 5.84523451359984e-07
"936" 8.25280080643242e-07 3.36332560170451e-08 6.14553748242228e-07
"937" 2.15501954427186e-05 2.36785932780649e-06 8.16853729576996e-06
"938" 1.45212772882995e-06 4.94449842769144e-08 1.14809931493191e-05
"939" 9.98434788751856e-08 1.70556632864109e-06 2.38815265138846e-06
"940" 7.652977866215e-07 2.82807105932604e-06 5.04065867231991e-07
"941" 3.99740215837857e-08 4.61519069045022e-06 7.46558368433291e-08
"942" 1.82663241426559e-06 6.61684409452007e-07 6.86374324350718e-08
"943" 1.6932916147391e-07 3.29579108549145e-07 2.39702377167097e-07
"944" 1.60477231995349e-07 1.00603095838351e-06 1.28462162055955e-06
"945" 9.10846427578572e-06 7.55291379320471e-06 3.62682430581345e-06
"946" 5.21514653484736e-07 1.58234347885612e-06 1.35146260267427e-07
"947" 3.58845953255492e-08 1.24915265803957e-07 1.34788236283537e-06
"948" 6.77435038592087e-06 2.09702090796757e-08 2.10177767129934e-06
"949" 3.57437377420264e-07 1.00980742517864e-06 5.67365797741255e-07
"950" 7.66738936733271e-06 9.83540779035484e-07 5.35387975713996e-07
"951" 5.40821904136087e-07 1.98552698196493e-06 1.82456148242464e-08
"952" 8.83550632637981e-07 5.42273516187889e-07 2.90234761849854e-06
"953" 3.06837768307255e-06 2.61543387171935e-06 7.75517760142768e-06
"954" 1.97553680213368e-07 2.11042238522603e-08 6.79537232118601e-06
"955" 3.02369226236745e-07 5.67975191993158e-06 4.99500296902684e-07
"956" 9.36479886956444e-07 1.51097233525298e-06 1.08613243018314e-06
"957" 4.50329668941619e-08 2.7329580110673e-06 1.75661905490065e-07
"958" 8.28378595073983e-07 2.3537723091086e-06 6.93158094420575e-07
"959" 1.44803052009711e-06 7.37245041418271e-06 3.07850438389302e-06
"960" 1.58739067136681e-06 1.65406829975323e-06 3.04946977484956e-06
"961" 6.54114518725229e-07 2.45365543076974e-06 5.76683860699775e-06
"962" 4.18483743396116e-07 3.84116212918255e-06 2.63571820331402e-06
"963" 1.77592856533395e-06 1.26461333805469e-05 8.01959713525942e-06
"964" 8.05413613913341e-07 7.68951966809117e-07 4.4802548556331e-08
"965" 2.18436644251266e-07 3.69307710702118e-07 3.06703212701281e-07
"966" 4.68301073088705e-07 3.67569214640429e-06 1.40794585482697e-06
"967" 7.96093438500194e-07 3.81991507966232e-06 3.08198435545441e-07
"968" 2.56585115624668e-06 3.89193323133348e-07 2.15895221259873e-06
"969" 1.20600230337655e-05 4.20204929067392e-06 1.91921000282682e-07
"970" 4.27185398883612e-07 4.62791175009446e-06 1.39898189549683e-06
"971" 3.5213013608522e-07 1.42293609314686e-06 4.16959579259479e-09
"972" 1.15080874944468e-06 5.39314358155577e-07 2.20071710388884e-07
"973" 8.12480262457985e-07 9.04340523374813e-07 6.35646293729035e-06
"974" 3.16508273258957e-07 3.26110745691209e-07 5.41451210168724e-07
"975" 1.22821418832699e-06 3.01996060292964e-06 1.95089341526728e-07
"976" 1.63201223667879e-06 4.85635991413954e-06 6.78436617213338e-06
"977" 3.92199993141707e-06 1.79515026434768e-06 1.77390144082636e-06
"978" 1.12029671432707e-08 2.04352898094158e-06 4.54487656703073e-07
"979" 1.30104910582097e-05 5.55461494726323e-07 5.79087890213103e-07
"980" 1.50560963240511e-06 2.03588203033501e-06 7.39858800239285e-06
"981" 4.25045243737547e-07 9.43352858747609e-07 5.43533864159434e-08
"982" 8.107368787168e-08 1.66043240832216e-08 3.85113791497214e-06
"983" 3.35063046566522e-06 4.52428692219477e-07 1.17510607320912e-07
"984" 7.54192559718671e-07 1.53629656470231e-06 5.78231522633033e-07
"985" 8.58943667014729e-08 3.32305365247265e-07 3.09770817837333e-06
"986" 2.30519638497564e-07 9.55300138581052e-07 1.04790303671838e-07
"987" 6.93078370050889e-06 2.30217829466858e-08 1.21752167502635e-05
"988" 4.70575324385546e-06 3.78998342290879e-06 1.57859899130516e-06
"989" 8.45976805388195e-06 8.21659239824531e-07 2.60460705899186e-06
"990" 7.30038660391709e-07 4.52278022264567e-06 5.2992200643817e-07
"991" 2.33564795191234e-06 4.7355260148271e-06 6.41338009259041e-07
"992" 2.11811441783133e-07 9.79987593091922e-09 5.40096037227951e-08
"993" 7.15917214060152e-06 2.77840423605645e-06 3.9405403915568e-06
"994" 6.40221604608542e-07 2.41435062874115e-08 1.16906748289866e-06
"995" 1.6594375305882e-06 1.65023515154554e-07 3.41238448534162e-06
"996" 8.68010024690665e-06 3.23296393115643e-06 1.73556727510671e-06
"997" 4.69361479396209e-07 3.51774088099359e-06 4.89497628083194e-06
"998" 1.76095990196498e-07 9.96043204810198e-06 3.5356679711606e-05
"999" 1.29615327247195e-06 4.20350070633051e-06 1.01300685804059e-05
"1000" 4.23103022752637e-06 4.28580570809057e-07 1.8100026612203e-06
